41.641	11.424
41.582	11.498
41.353	11.647
41.279	11.765
41.112	11.932
40.993	12.020
40.858	12.123
40.814	12.240
40.709	12.357
40.545	12.518
40.515	12.606
40.426	12.714
40.411	12.772
40.336	12.860
40.197	12.977
40.137	13.080
40.152	13.153
40.152	13.211
40.211	13.420
40.255	13.523
40.328	13.581
40.358	13.712
40.372	13.814
40.312	13.975
40.267	14.208
40.207	14.339
40.118	14.513
39.979	14.798
39.904	14.958
39.814	15.146
39.725	15.291
39.665	15.479
39.650	15.610
39.650	15.740
39.679	15.913
39.738	15.956
39.690	16.134
39.645	16.264
39.586	16.494
39.571	16.739
39.496	16.883
39.362	17.041
39.227	17.284
39.123	17.442
38.944	17.628
38.705	17.714
37.565	17.925
33.089	18.121
31.420	18.145
29.565	18.136
26.072	18.157
25.815	18.157
25.627	18.143
24.697	18.160
23.545	18.125
22.519	18.143
21.803	18.072
20.684	17.960
20.084	17.866
19.437	17.760
19.213	17.645
19.017	17.183
18.840	16.501
18.844	16.031
18.703	15.196
18.657	14.051
18.605	13.441
18.590	13.230
18.663	13.057
18.735	11.404
18.675	11.274
18.690	10.954
18.704	10.488
18.704	10.241
18.689	9.983
18.697	9.209
18.652	9.043
18.651	8.804
18.666	8.589
18.681	8.370
18.681	8.194
18.633	7.547
18.633	7.106
18.529	6.394
18.439	5.908
18.307	5.313
18.242	4.953
18.103	4.421
17.884	3.840
17.914	3.446
17.864	2.997
17.819	2.622
17.766	2.043
17.773	1.089
17.820	0.312
17.765	-0.624
17.818	-1.484
17.696	-2.206
17.436	-4.098
17.534	-4.833
17.276	-6.752
17.309	-7.198
17.390	-7.575
17.345	-7.781
17.330	-8.064
17.282	-8.431
17.247	-8.885
17.173	-9.637
17.219	-10.651
17.270	-11.536
17.354	-12.364
17.332	-13.170
17.247	-13.708
17.153	-14.304
17.014	-15.337
17.117	-15.661
17.146	-16.075
17.162	-16.501
17.526	-16.778
17.511	-16.820
17.653	-17.068
17.948	-17.413
18.024	-17.516
18.141	-17.559
18.450	-17.728
18.898	-17.807
19.286	-17.868
19.689	-17.894
19.895	-17.910
20.268	-17.938
20.883	-17.966
21.600	-18.010
22.589	-18.093
23.465	-18.123
24.212	-18.149
25.181	-18.240
26.141	-18.299
28.063	-18.493
28.240	-18.523
28.402	-18.478
30.757	-18.651
30.821	-18.665
30.914	-18.634
32.595	-18.683
33.879	-18.656
34.399	-18.651
34.704	-18.587
34.970	-18.440
35.259	-18.383
35.303	-18.383
35.426	-18.354
35.365	-17.869
35.305	-17.697
35.334	-17.597
35.245	-17.454
35.247	-17.378
35.247	-17.230
35.261	-17.158
35.246	-17.029
35.216	-16.986
35.202	-16.929
35.157	-16.871
35.141	-16.756
35.052	-16.612
35.037	-16.555
35.022	-16.468
34.959	-16.272
34.867	-16.123
34.853	-15.969
34.793	-15.839
34.793	-15.753
34.851	-15.560
34.925	-15.401
34.939	-15.386
34.969	-15.164
34.984	-15.029
34.983	-14.971
34.983	-14.744
34.968	-14.613
34.879	-14.512
34.834	-14.381
34.819	-14.206
34.789	-14.133
34.684	-13.929
34.624	-13.696
34.623	-13.482
34.564	-13.234
34.563	-13.103
34.533	-12.927
34.503	-12.795
34.488	-12.620
34.473	-12.424
34.458	-12.136
34.458	-12.004
34.413	-11.754
34.338	-11.490
34.309	-11.357
34.323	-11.151
34.278	-11.033
34.263	-10.900
34.166	-10.601
34.151	-10.572
34.136	-10.394
34.121	-10.276
34.091	-10.050
34.076	-10.035
34.002	-9.961
33.882	-9.887
33.793	-9.857
33.703	-9.769
33.599	-9.739
33.390	-9.606
33.236	-9.453
33.117	-9.349
32.833	-9.100
32.833	-9.100
32.684	-8.907
32.595	-8.848
32.535	-8.759
32.460	-8.502
32.281	-8.323
32.112	-8.098
31.978	-7.979
31.799	-7.875
31.575	-7.726
31.545	-7.697
31.376	-7.575
31.108	-7.471
30.988	-7.396
30.700	-7.185
30.551	-7.111
30.416	-6.977
30.237	-6.813
30.178	-6.768
29.996	-6.525
29.862	-6.331
29.683	-5.956
29.546	-5.682
29.530	-5.503
29.438	-5.085
29.311	-4.647
29.296	-4.388
29.204	-4.068
29.134	-3.670
29.104	-3.221
29.118	-3.007
29.059	-2.767
29.041	-2.218
29.056	-2.034
29.070	-1.884
29.100	-1.763
29.203	-1.733
29.261	-1.688
29.353	-1.610
29.412	-1.445
29.530	-1.250
29.589	-1.145
29.618	-1.055
29.603	-0.431
29.632	-0.356
29.809	-0.221
29.853	-0.146
30.108	-0.011
30.211	0.049
30.255	0.079
30.374	0.329
30.401	0.619
30.459	0.754
30.489	1.034
30.533	1.169
30.636	1.304
30.753	1.514
30.920	1.701
31.042	1.821
31.189	1.941
31.339	2.126
31.565	2.354
31.697	2.474
31.869	2.659
32.036	2.796
32.124	2.901
32.256	3.036
32.374	3.156
32.433	3.246
32.644	3.381
32.934	3.550
33.057	3.655
33.116	3.730
33.410	3.880
33.513	3.955
33.602	4.015
33.833	4.157
33.980	4.277
34.097	4.321
34.259	4.411
34.347	4.471
34.660	4.692
34.866	4.782
35.013	4.842
35.106	4.916
35.238	4.961
35.430	5.021
35.547	5.066
35.885	5.259
35.929	5.033
35.944	4.802
35.914	4.605
35.929	4.487
35.975	4.231
36.005	4.054
36.019	3.906
36.004	3.773
36.019	3.567
36.049	3.375
36.137	3.153
36.181	3.020
36.269	2.798
36.313	2.621
36.327	2.532
36.357	2.458
36.386	2.384
36.386	2.231
36.386	2.039
36.400	1.901
36.430	1.738
36.430	1.679
36.394	1.456
36.275	1.293
36.245	1.145
36.126	0.938
36.006	0.775
35.976	0.671
35.976	0.612
36.005	0.341
36.005	0.178
36.049	0.045
36.123	-0.089
36.211	-0.266
36.226	-0.429
36.299	-0.592
36.284	-0.606
36.269	-0.769
36.224	-0.888
36.224	-1.198
36.238	-1.391
36.223	-1.632
36.253	-1.854
36.205	-2.249
36.116	-2.368
36.041	-2.457
35.994	-2.565
35.949	-2.683
35.919	-2.787
35.785	-2.935
35.740	-3.053
35.680	-3.230
35.636	-3.334
35.576	-3.452
35.501	-3.674
35.486	-3.733
35.456	-3.821
35.411	-4.043
35.367	-4.043
35.367	-4.161
35.352	-4.308
35.352	-4.397
35.307	-4.682
35.277	-4.815
35.217	-5.007
35.167	-5.317
35.167	-5.420
35.152	-5.690
35.107	-5.946
35.045	-6.181
35.148	-6.417
35.177	-6.593
35.206	-6.740
35.265	-6.975
35.381	-7.120
35.440	-7.253
35.424	-7.267
35.454	-7.267
35.498	-7.297
35.630	-7.370
35.768	-7.414
35.900	-7.384
36.101	-7.367
36.175	-7.367
36.293	-7.455
36.561	-7.409
36.929	-7.441
37.018	-7.426
37.460	-7.472
37.548	-7.472
37.710	-7.501
37.813	-7.531
37.945	-7.619
38.019	-7.726
38.136	-7.858
38.333	-7.949
38.362	-8.051
38.509	-8.125
38.627	-8.213
38.789	-8.344
38.848	-8.388
39.053	-8.520
39.127	-8.593
39.245	-8.681
39.274	-8.681
39.289	-8.696
39.465	-8.813
39.921	-8.959
40.136	-9.135
40.273	-9.211
40.405	-9.298
40.552	-9.386
40.783	-9.508
40.916	-9.566
41.033	-9.610
40.973	-9.726
41.003	-9.829
41.018	-9.902
41.032	-9.916
41.076	-10.033
41.165	-10.164
41.224	-10.266
41.253	-10.353
41.312	-10.664
41.326	-10.722
41.326	-10.810
41.313	-11.217
41.343	-11.348
41.298	-11.449
41.266	-11.657
41.236	-11.744
41.236	-11.976
41.176	-12.179
41.176	-12.309
41.176	-12.410
41.176	-12.670
41.205	-12.887
41.205	-13.146
41.205	-13.233
41.281	-13.550
41.296	-13.636
41.293	-13.871
41.278	-13.986
41.211	-14.369
41.166	-14.771
41.195	-14.842
41.227	-15.176
41.209	-15.381
41.297	-15.523
41.356	-15.595
41.503	-15.865
41.518	-15.965
41.562	-16.164
41.544	-16.354
41.541	-16.534
41.570	-16.775
41.585	-17.035
41.690	-17.309
41.571	-17.525
41.590	-18.029
41.531	-18.493
41.559	-18.751
41.512	-19.199
41.526	-19.311
41.555	-19.534
41.555	-19.836
42.027	-19.821
42.420	-19.849
42.843	-19.849
43.295	-19.863
43.599	-19.877
44.431	-19.893
45.016	-19.907
45.621	-19.991
47.061	-20.206
47.769	-20.322
48.502	-20.405
50.041	-20.503
51.260	-20.535
53.841	-20.745
55.247	-20.778
56.516	-20.792
58.212	-20.792
59.599	-20.805
61.816	-20.696
62.593	-20.656
64.270	-20.521
65.096	-20.451
65.848	-20.360
66.389	-20.227
66.642	-20.100
66.780	-20.069
66.794	-19.857
66.720	-19.716
66.720	-19.645
66.695	-19.371
66.710	-19.168
66.695	-18.950
66.694	-18.865
66.694	-18.699
66.709	-18.524
66.709	-18.297
66.694	-18.140
66.679	-18.050
66.634	-17.697
66.649	-17.654
66.693	-17.554
66.823	-17.260
66.926	-17.098
66.999	-16.940
67.043	-16.911
67.102	-16.897
67.175	-16.839
67.175	-16.825
67.322	-16.782
67.409	-16.695
67.334	-16.594
67.275	-16.465
67.200	-16.379
67.126	-16.278
67.110	-16.134
67.243	-16.076
67.360	-16.018
67.404	-15.960
67.300	-15.814
67.135	-15.668
66.995	-15.492
66.950	-15.304
66.769	-15.086
66.634	-14.925
66.497	-14.684
66.377	-14.510
66.273	-14.393
66.153	-14.291
66.019	-14.117
65.989	-14.000
65.959	-13.957
66.063	-13.859
66.165	-13.787
66.090	-13.685
66.045	-13.553
65.956	-13.436
65.866	-13.334
65.940	-13.232
66.116	-13.086
66.190	-13.042
66.292	-12.939
66.366	-12.866
66.291	-12.793
66.217	-12.705
66.127	-12.588
66.066	-12.515
66.007	-12.383
65.828	-12.231
65.783	-12.129
65.797	-12.026
65.943	-11.894
66.031	-11.820
66.223	-11.732
66.340	-11.673
66.399	-11.570
66.353	-11.467
66.233	-11.349
66.217	-11.231
66.305	-11.143
66.407	-11.039
66.553	-10.936
66.670	-10.877
66.773	-10.818
66.727	-10.714
66.636	-10.611
66.575	-10.508
66.482	-10.401
66.629	-10.298
66.799	-10.125
66.944	-9.991
67.106	-9.814
67.325	-9.665
67.248	-9.532
67.183	-9.352
67.240	-9.189
67.444	-9.039
67.547	-8.920
67.678	-8.831
67.800	-8.772
67.888	-8.653
68.049	-8.489
67.899	-8.340
67.823	-8.236
67.762	-8.131
67.657	-8.056
67.745	-7.967
67.850	-7.861
67.953	-7.786
68.029	-7.681
68.072	-7.622
68.012	-7.532
67.923	-7.398
67.878	-7.324
67.863	-7.264
67.981	-7.190
68.069	-7.086
68.157	-6.981
68.260	-6.892
68.229	-6.817
68.155	-6.728
68.065	-6.638
67.975	-6.549
67.968	-6.459
67.864	-6.355
67.820	-6.279
67.938	-6.190
68.055	-6.070
68.172	-5.981
68.290	-5.891
68.363	-5.771
68.466	-5.652
68.559	-5.560
68.632	-5.470
68.501	-5.390
68.411	-5.300
68.396	-5.240
68.322	-5.150
68.232	-5.091
68.335	-5.001
68.504	-4.814
68.651	-4.724
68.803	-4.587
68.714	-4.512
68.669	-4.482
68.545	-4.344
68.440	-4.194
68.396	-4.119
68.484	-3.970
68.646	-3.835
68.675	-3.745
68.580	-3.670
68.411	-3.565
68.366	-3.385
68.277	-3.355
68.191	-3.250
68.101	-3.130
67.952	-3.009
67.907	-2.904
67.980	-2.830
68.039	-2.740
68.127	-2.649
68.230	-2.574
68.159	-2.454
68.053	-2.349
67.958	-2.244
67.809	-2.154
67.976	-1.929
67.825	-1.851
67.670	-1.705
67.536	-1.645
67.446	-1.510
67.401	-1.420
67.460	-1.315
67.533	-1.210
67.636	-1.090
67.590	-0.999
67.480	-0.906
67.341	-0.818
67.221	-0.727
67.131	-0.682
67.027	-0.607
67.115	-0.532
67.152	-0.413
67.196	-0.307
67.077	-0.247
66.943	-0.157
66.898	-0.067
66.927	0.023
66.985	0.113
67.028	0.234
67.161	0.279
67.130	0.369
67.009	0.489
66.860	0.549
66.750	0.612
66.646	0.717
66.777	0.838
66.836	0.988
66.820	1.093
66.655	1.198
66.604	1.250
66.544	1.281
66.514	1.371
66.602	1.431
66.646	1.506
66.675	1.581
66.556	1.686
66.407	1.776
66.258	1.836
66.197	1.898
66.107	1.928
66.033	1.973
66.045	2.063
66.103	2.154
66.162	2.289
66.206	2.379
66.266	2.500
66.340	2.560
66.360	2.683
66.255	2.804
66.134	2.893
65.970	2.938
65.880	3.013
65.789	3.088
65.685	3.148
65.481	3.194
65.345	3.061
65.241	2.927
65.067	3.002
64.936	3.092
64.787	3.152
64.568	3.183
64.473	3.287
64.333	3.316
64.139	3.405
63.930	3.495
63.751	3.421
63.605	3.538
63.283	3.653
63.119	3.757
62.910	3.892
62.938	4.027
62.952	4.162
62.714	4.312
62.487	4.466
62.338	4.601
62.189	4.735
62.024	4.885
61.855	5.007
61.706	5.127
61.631	5.202
61.586	5.306
61.668	5.442
61.578	5.516
61.459	5.636
61.295	5.741
61.190	5.875
61.071	5.965
60.951	6.039
60.738	6.221
60.529	6.356
60.365	6.505
60.126	6.699
60.111	6.818
60.197	6.955
60.033	7.044
59.959	7.104
59.854	7.208
59.735	7.283
59.601	7.357
59.496	7.432
59.330	7.551
59.211	7.655
59.284	7.730
59.165	7.804
59.015	7.968
58.881	8.116
58.717	8.265
58.596	8.443
58.377	8.552
58.242	8.641
58.327	8.757
58.445	8.802
58.340	8.935
58.176	9.054
58.220	9.158
58.279	9.262
58.115	9.351
58.040	9.396
58.025	9.499
57.980	9.558
57.890	9.632
57.801	9.721
57.622	9.825
57.562	9.899
57.428	9.884
57.303	9.811
57.199	9.724
57.003	9.811
56.913	9.929
56.987	10.077
57.090	10.240
57.148	10.402
57.251	10.609
57.369	10.904
57.515	11.199
57.809	11.790
58.057	12.259
58.221	12.779
58.027	12.896
57.803	13.042
57.644	13.145
57.717	13.291
57.805	13.481
57.561	13.571
57.373	13.669
57.125	13.790
56.990	13.878
57.018	13.980
57.033	14.111
56.853	14.184
56.749	14.228
56.734	14.300
56.565	14.344
56.334	14.533
56.061	14.565
55.797	14.657
55.584	14.672
55.439	14.732
55.274	14.776
55.120	14.790
55.045	14.733
54.970	14.705
54.751	14.705
54.552	14.777
54.507	14.763
54.383	14.661
54.323	14.661
54.279	14.675
54.141	14.724
54.052	14.753
53.992	14.601
53.917	14.486
53.813	14.357
53.545	14.387
53.331	14.489
52.998	14.576
52.729	14.663
52.624	14.549
52.400	14.593
52.150	14.651
52.105	14.593
52.015	14.464
51.941	14.364
51.895	14.264
51.806	14.064
51.716	13.906
51.626	13.776
51.493	13.628
51.426	13.427
51.306	13.283
51.202	13.139
50.958	13.168
50.735	13.229
50.630	13.317
50.511	13.288
50.361	13.288
50.217	13.289
50.216	13.188
50.141	13.145
50.006	13.174
49.802	13.218
49.644	13.264
49.598	13.163
49.479	13.077
49.419	13.005
49.359	12.875
49.240	12.803
49.076	12.832
48.857	12.847
48.796	12.761
48.661	12.689
48.552	12.704
48.402	12.704
48.356	12.632
48.281	12.574
48.147	12.589
48.008	12.618
47.933	12.546
47.903	12.474
47.814	12.474
47.694	12.489
47.612	12.419
47.507	12.390
47.372	12.391
47.268	12.420
47.163	12.450
47.103	12.349
46.939	12.394
46.937	12.321
46.832	12.220
46.653	12.250
46.548	12.264
46.518	12.192
46.458	12.120
46.309	12.120
46.204	12.165
46.144	12.078
46.039	12.021
45.736	12.109
45.660	12.109
45.584	12.037
45.494	11.994
45.390	11.994
45.166	11.994
45.077	11.994
44.987	11.994
44.838	11.994
44.599	11.965
44.405	11.980
44.211	11.980
43.958	11.980
43.640	11.980
43.461	11.980
43.341	11.922
43.177	11.907
43.162	11.907
43.102	11.864
42.968	11.792
42.729	11.748
42.461	11.691
42.237	11.633
42.043	11.575
41.695	11.488
41.441	11.255
41.247	11.139
41.142	10.979
40.977	10.805
40.812	10.602
40.617	10.471
40.512	10.354
40.333	10.150
40.184	10.019
40.030	9.872
39.880	9.711
39.776	9.522
39.621	9.366
39.457	9.214
39.323	9.039
39.218	8.834
39.033	8.625
38.954	8.410
38.790	8.132
38.685	7.897
38.704	7.726
38.565	7.638
38.460	7.492
38.386	7.374
38.311	7.242
38.311	7.061
38.132	6.943
38.057	6.840
37.983	6.649
37.968	6.532
37.878	6.385
37.774	6.223
37.640	6.061
37.520	5.958
37.416	5.870
37.341	5.811
37.326	5.811
37.117	5.706
36.944	5.583
36.735	5.480
36.457	5.374
36.114	5.315
