-4.37900E-01,-5.48518E+01  
-3.88257E-02,-5.46772E+01  
+4.43182E-01,-5.44512E+01  
+9.64534E-01,-5.48322E+01  
+1.69481E+00,-5.43990E+01  
+2.35975E+00,-5.40374E+01  
+3.02542E+00,-5.36507E+01  
+3.36894E+00,-5.38341E+01  
+3.95638E+00,-5.41267E+01  
+4.41458E+00,-5.44303E+01  
+4.82661E+00,-5.41616E+01  
+5.08372E+00,-5.43093E+01  
+5.49469E+00,-5.45429E+01  
+6.18373E+00,-5.41145E+01  
+6.62540E+00,-5.38142E+01  
+7.23729E+00,-5.41012E+01  
+7.77235E+00,-5.43960E+01  
+7.77235E+00,-5.43960E+01  
+8.28834E+00,-5.40326E+01  
+8.79876E+00,-5.36680E+01  
+9.42869E+00,-5.32326E+01  
+9.99306E+00,-5.27923E+01  
+1.05424E+01,-5.30655E+01  
+1.09748E+01,-5.33320E+01  
+1.17084E+01,-5.27829E+01  
+1.22989E+01,-5.23750E+01  
+1.28951E+01,-5.19629E+01  
+1.32042E+01,-5.21410E+01  
+1.37876E+01,-5.24769E+01  
+1.44633E+01,-5.19971E+01  
+1.51124E+01,-5.23075E+01  
+1.54280E+01,-5.20836E+01  
+1.58223E+01,-5.17870E+01  
+1.69072E+01,-5.21693E+01  
+1.78063E+01,-5.24669E+01  
+1.85374E+01,-5.27343E+01  
+1.87125E+01,-5.25529E+01  
+1.99938E+01,-5.28167E+01  
+2.12504E+01,-5.29088E+01  
+2.25042E+01,-5.30512E+01  
+2.30753E+01,-5.30977E+01  
+2.30214E+01,-5.32004E+01  
+2.38862E+01,-5.33086E+01  
+2.46851E+01,-5.34215E+01  
+2.48726E+01,-5.33453E+01  
+2.48726E+01,-5.33453E+01  
+2.51797E+01,-5.34441E+01  
+2.56475E+01,-5.34100E+01  
+2.58614E+01,-5.34799E+01  
+2.59869E+01,-5.35818E+01  
+2.61809E+01,-5.34288E+01  
+2.63382E+01,-5.30650E+01  
+2.65129E+01,-5.26201E+01  
+2.67131E+01,-5.23780E+01  
+2.73221E+01,-5.25472E+01  
+2.73704E+01,-5.26730E+01  
+2.74795E+01,-5.27708E+01  
+2.81108E+01,-5.29037E+01  
+2.83122E+01,-5.25400E+01  
+2.84027E+01,-5.22771E+01  
+2.86054E+01,-5.17716E+01  
+2.89688E+01,-5.11373E+01  
+2.93431E+01,-5.05070E+01  
+2.97115E+01,-4.99335E+01  
+3.00060E+01,-4.96108E+01  
+3.03617E+01,-4.92155E+01  
+3.07046E+01,-4.90106E+01  
+30.957,-48.614  
+30.933,-48.616  
+30.213,-45.571  
+30.513,-43.403  
+33.272,-41.050  
+36.031,-35.513  
+36.511,-32.837  
+36.991,-28.131  
+37.171,-26.517  
+37.111,-26.148  
+36.955,-25.202  
+36.217,-24.841  
+35.479,-23.812  
+35.479,-22.424  
+35.340,-21.448  
+34.787,-20.419  
+34.787,-19.854  
+34.648,-18.878  
+35.063,-18.159  
+35.294,-17.132  
+34.787,-15.898  
+35.063,-14.871  
+34.602,-13.740  
+34.510,-12.764  
+34.418,-11.428  
+34.048,-10.091  
+32.987,-9.216  
+31.465,-7.723  
+30.265,-6.848  
+29.435,-5.408  
+29.158,-3.352  
+28.927,-1.862  
+29.758,0.345  
+30.681,1.679  
+31.511,2.859  
+33.080,3.730  
+34.325,4.550  
+36.770,5.625  
+38.708,7.677  
+40.000,9.833  
+41.661,11.475  
+4.12055E+01,+1.18107E+01  
+4.08568E+01,+1.22055E+01  
+4.05071E+01,+1.25998E+01  
+4.00912E+01,+1.32094E+01  
+4.06140E+01,+1.37417E+01  
+4.02750E+01,+1.43005E+01  
+4.00263E+01,+1.47192E+01  
+3.97767E+01,+1.51377E+01  
+3.96707E+01,+1.57716E+01  
+4.01716E+01,+1.63040E+01  
+4.02512E+01,+1.67851E+01  
+4.03313E+01,+1.72662E+01  
+3.99867E+01,+1.79494E+01  
+3.95899E+01,+1.84193E+01  
+3.92978E+01,+1.90298E+01  
+3.92978E+01,+1.90298E+01  
+3.88261E+01,+1.94475E+01  
+3.83957E+01,+1.99075E+01  
+3.80745E+01,+2.03891E+01  
+3.79747E+01,+2.10213E+01  
+3.78253E+01,+2.18434E+01  
+3.75398E+01,+2.24945E+01  
+3.70425E+01,+2.32259E+01  
+3.65711E+01,+2.36392E+01  
+3.64073E+01,+2.41327E+01  
+3.62422E+01,+2.46260E+01  
+3.60661E+01,+2.50553E+01  
+3.58888E+01,+2.54844E+01  
+3.55456E+01,+2.59191E+01  
+3.51999E+01,+2.63530E+01  
+3.48748E+01,+2.68078E+01  
+3.45470E+01,+2.72619E+01  
+3.42569E+01,+2.78853E+01  
+3.44280E+01,+2.84143E+01  
+3.46009E+01,+2.89431E+01  
+3.47755E+01,+2.94717E+01  
+3.49519E+01,+3.00000E+01  
+3.49519E+01,+3.00000E+01  
+3.51417E+01,+3.07025E+01  
+3.53089E+01,+3.13833E+01  
+3.54701E+01,+3.20035E+01  
+3.55713E+01,+3.27553E+01  
+3.56483E+01,+3.32325E+01  
+3.57262E+01,+3.37097E+01  
+3.60242E+01,+3.40961E+01  
+3.63249E+01,+3.44818E+01  
+3.63960E+01,+3.52854E+01  
+3.64315E+01,+3.57522E+01  
+3.64134E+01,+3.60232E+01  
+3.64134E+01,+3.60232E+01  
+3.57912E+01,+3.56890E+01  
+3.53621E+01,+3.54051E+01  
+3.49001E+01,+3.50910E+01  
+3.44998E+01,+3.47855E+01  
+3.40542E+01,+3.45045E+01  
+3.37354E+01,+3.43017E+01  
+3.31007E+01,+3.42903E+01  
+3.26678E+01,+3.43899E+01  
+3.21719E+01,+3.44871E+01  
+3.17399E+01,+3.46341E+01  
+3.12560E+01,+3.48260E+01  
+3.07929E+01,+3.49908E+01  
+3.02208E+01,+3.51543E+01  
+2.97309E+01,+3.54273E+01  
+2.97309E+01,+3.54273E+01  
+2.93451E+01,+3.54249E+01  
+2.90702E+01,+3.53780E+01  
+2.87789E+01,+3.53116E+01  
+2.84780E+01,+3.51272E+01  
+2.80502E+01,+3.48702E+01  
+2.76845E+01,+3.47060E+01  
+2.72265E+01,+3.43347E+01  
+2.64653E+01,+3.41983E+01  
+2.55767E+01,+3.42487E+01  
+2.45928E+01,+3.43397E+01  
+2.38739E+01,+3.46283E+01  
+2.33986E+01,+3.49900E+01  
+2.28662E+01,+3.54367E+01  
+2.23752E+01,+3.57424E+01  
+2.18932E+01,+3.59334E+01  
+2.15988E+01,+3.62159E+01  
+2.13266E+01,+3.66289E+01  
+2.07603E+01,+3.70983E+01  
+2.03001E+01,+3.78039E+01  
+2.03001E+01,+3.78039E+01  
+2.00000E+01,+3.79075E+01  
+2.00000E+01,+3.79075E+01  
+1.95844E+01,+3.82716E+01  
+1.88950E+01,+3.86942E+01  
+1.83644E+01,+3.89474E+01  
+1.79599E+01,+3.91696E+01  
+1.79599E+01,+3.91696E+01  
+1.80621E+01,+3.90063E+01  
+1.80857E+01,+3.87941E+01  
+1.80307E+01,+3.85162E+01  
+1.78447E+01,+3.84615E+01  
+1.77731E+01,+3.82855E+01  
+1.76117E+01,+3.79929E+01  
+1.74195E+01,+3.77008E+01  
+1.71676E+01,+3.75026E+01  
+1.68237E+01,+3.73985E+01  
+1.62365E+01,+3.73088E+01  
+1.58319E+01,+3.72743E+01  
+1.53751E+01,+3.73401E+01  
+1.53751E+01,+3.73401E+01  
+1.53444E+01,+3.76152E+01  
+1.54207E+01,+3.78857E+01  
+1.55511E+01,+3.81136E+01  
+1.56387E+01,+3.82993E+01  
+1.54993E+01,+3.84014E+01  
+1.51752E+01,+3.82924E+01  
+1.45145E+01,+3.87653E+01  
+1.45145E+01,+3.87653E+01  
+1.41139E+01,+3.86953E+01  
+1.38115E+01,+3.86250E+01  
+1.33137E+01,+3.86105E+01  
+1.27076E+01,+3.86004E+01  
+1.24335E+01,+3.88487E+01  
+1.20574E+01,+3.88781E+01  
+1.17777E+01,+3.89344E+01  
+1.16589E+01,+3.90327E+01  
+1.13626E+01,+3.90748E+01  
+1.11176E+01,+3.90672E+01  
+1.08274E+01,+3.89939E+01  
+1.06091E+01,+3.88209E+01  
+1.03732E+01,+3.86850E+01  
+1.03732E+01,+3.86850E+01  
+1.00893E+01,+3.85717E+01  
+9.70015E+00,+3.84698E+01  
+9.26382E+00,+3.83410E+01  
+8.94209E+00,+3.82117E+01  
+8.62697E+00,+3.77896E+01  
+8.26517E+00,+3.74675E+01  
+7.80465E+00,+3.73582E+01  
+7.21517E+00,+3.73203E+01  
+6.78405E+00,+3.73219E+01  
+6.78405E+00,+3.73219E+01  
+5.97383E+00,+3.71540E+01  
+5.14204E+00,+3.70821E+01  
+4.29653E+00,+3.69695E+01  
+3.45358E+00,+3.68509E+01  
+2.37988E+00,+3.65942E+01  
+1.97018E+00,+3.65026E+01  
+1.24471E+00,+3.62823E+01  
+6.67028E-01,+3.60723E+01  
+3.04743E-03,+3.59040E+01  
-7.47757E-01,+3.57757E+01  
-1.51624E+00,+3.57709E+01  
-1.99172E+00,+3.58985E+01  
-2.57291E+00,+3.61053E+01  
-2.89332E+00,+3.60184E+01  
-3.29595E+00,+3.58577E+01  
-3.74936E+00,+3.55962E+01  
-3.78187E+00,+3.50136E+01  
-4.05645E+00,+3.41993E+01  
-4.70562E+00,+3.40681E+01  
-5.07226E+00,+3.40783E+01  
-5.39658E+00,+3.39850E+01  
-5.80797E+00,+3.40191E+01  
-6.00024E+00,+3.42634E+01  
-6.03973E+00,+3.45174E+01  
-6.06375E+00,+3.47839E+01  
-6.73029E+00,+3.50633E+01  
-7.19261E+00,+3.52729E+01  
-8.03122E+00,+3.56675E+01  
-8.78455E+00,+3.60509E+01  
-9.54521E+00,+3.64296E+01  
-9.97685E+00,+3.66514E+01  
-1.04287E+01,+3.63916E+01  
-1.09233E+01,+3.60984E+01  
-1.15854E+01,+3.58512E+01  
-1.21424E+01,+3.63276E+01  
-1.29035E+01,+3.68638E+01  
-1.36754E+01,+3.73950E+01  
-1.44109E+01,+3.72101E+01  
-1.51427E+01,+3.70206E+01  
-1.53865E+01,+3.72117E+01  
-1.58415E+01,+3.72966E+01  
-1.67420E+01,+3.74354E+01  
-1.75843E+01,+3.75034E+01  
-1.81244E+01,+3.74657E+01  
-1.86180E+01,+3.73070E+01  
-1.96823E+01,+3.70251E+01  
-2.02403E+01,+3.69543E+01  
-2.07973E+01,+3.68809E+01  
-2.15072E+01,+3.68197E+01  
-2.22160E+01,+3.67543E+01  
-2.28933E+01,+3.67020E+01  
-2.35697E+01,+3.66459E+01  
-2.40456E+01,+3.67548E+01  
-2.41461E+01,+3.67885E+01  
-2.42554E+01,+3.67810E+01  
-2.43111E+01,+3.67925E+01  
-2.43846E+01,+3.68633E+01  
-2.44337E+01,+3.69105E+01  
-2.45002E+01,+3.69707E+01  
-2.45541E+01,+3.70172E+01  
-2.46345E+01,+3.70946E+01  
-2.46805E+01,+3.71267E+01  
-2.47495E+01,+3.72174E+01  
-2.47379E+01,+3.72733E+01  
-2.47022E+01,+3.73519E+01  
-2.46669E+01,+3.74110E+01  
-2.47332E+01,+3.74673E+01  
-2.47748E+01,+3.75001E+01  
-2.48164E+01,+3.75328E+01  
-2.48451E+01,+3.75519E+01  
-2.48915E+01,+3.75839E+01  
-2.49315E+01,+3.76091E+01  
-2.49835E+01,+3.76441E+01  
-2.51013E+01,+3.76463E+01  
-2.52671E+01,+3.77692E+01  
-2.53547E+01,+3.76633E+01  
-2.54265E+01,+3.77185E+01  
-2.54638E+01,+3.77517E+01  
-2.55384E+01,+3.78181E+01  
-2.56332E+01,+3.77225E+01  
-2.56984E+01,+3.77902E+01  
-2.57341E+01,+3.78159E+01  
-2.58081E+01,+3.78783E+01  
-2.59162E+01,+3.78386E+01  
-2.60432E+01,+3.79355E+01  
-2.60752E+01,+3.79655E+01  
-2.61714E+01,+3.80360E+01  
-2.63021E+01,+3.80468E+01  
-2.63787E+01,+3.81164E+01  
-2.64166E+01,+3.81493E+01  
-2.64943E+01,+3.82225E+01  
-2.65323E+01,+3.82554E+01  
-2.66141E+01,+3.83240E+01  
-2.66474E+01,+3.83576E+01  
-2.67180E+01,+3.84202E+01  
-2.68299E+01,+3.82782E+01  
-2.69006E+01,+3.83601E+01  
-2.69408E+01,+3.84003E+01  
-2.70068E+01,+3.84635E+01  
-2.70289E+01,+3.84911E+01  
-2.70895E+01,+3.85706E+01  
-2.71290E+01,+3.86070E+01  
-2.71743E+01,+3.86658E+01  
-2.72033E+01,+3.86999E+01  
-2.72394E+01,+3.87796E+01  
-2.74844E+01,+3.87824E+01  
-2.75588E+01,+3.88363E+01  
-2.76061E+01,+3.88635E+01  
-2.76797E+01,+3.89136E+01  
-2.77223E+01,+3.89416E+01  
-2.77933E+01,+3.89998E+01  
-2.79546E+01,+3.90041E+01  
-2.80588E+01,+3.89827E+01  
-2.81199E+01,+3.89685E+01  
-2.82155E+01,+3.89524E+01  
-2.82919E+01,+3.89394E+01  
-2.83421E+01,+3.89931E+01  
-2.83649E+01,+3.90204E+01  
-2.83955E+01,+3.90580E+01  
-2.84204E+01,+3.90927E+01  
-2.84522E+01,+3.91339E+01  
-2.84836E+01,+3.91558E+01  
-2.85665E+01,+3.91299E+01  
-2.86192E+01,+3.91208E+01  
-2.86660E+01,+3.91790E+01  
-2.86863E+01,+3.92144E+01  
-2.87454E+01,+3.92626E+01  
-2.87812E+01,+3.92993E+01  
-2.88529E+01,+3.93725E+01  
-2.88946E+01,+3.94120E+01  
-2.89505E+01,+3.93789E+01  
-2.89819E+01,+3.93656E+01  
-2.90495E+01,+3.93382E+01  
-2.90904E+01,+3.93232E+01  
-2.91472E+01,+3.92937E+01  
-2.91881E+01,+3.92786E+01  
-2.92603E+01,+3.92502E+01  
-2.92971E+01,+3.92554E+01  
-2.93350E+01,+3.93150E+01  
-2.97698E+01,+3.93996E+01  
-2.97698E+01,+3.93996E+01  
-2.99091E+01,+3.93871E+01  
-3.01714E+01,+3.88880E+01  
-3.04301E+01,+3.83883E+01  
-3.06055E+01,+3.84025E+01  
-3.10706E+01,+3.76802E+01  
-3.13713E+01,+3.77049E+01  
-3.15164E+01,+3.72823E+01  
-3.22826E+01,+3.73915E+01  
-3.23946E+01,+3.71369E+01  
-3.26456E+01,+3.71763E+01  
-3.27077E+01,+3.70333E+01  
-3.29431E+01,+3.70654E+01  
-3.30049E+01,+3.69159E+01  
-3.32246E+01,+3.69408E+01  
-3.33135E+01,+3.66910E+01  
-3.35947E+01,+3.67422E+01  
-3.37717E+01,+3.61850E+01  
-3.39816E+01,+3.62212E+01  
-3.40568E+01,+3.60713E+01  
-3.41424E+01,+3.60794E+01  
-3.43354E+01,+3.56160E+01  
-3.44595E+01,+3.56246E+01  
-3.47464E+01,+3.50102E+01  
-3.55584E+01,+3.51477E+01  
-3.63731E+01,+3.52798E+01  
-3.66231E+01,+3.46929E+01  
-3.67846E+01,+3.47122E+01  
-3.68618E+01,+3.45542E+01  
-3.70461E+01,+3.45669E+01  
-3.72446E+01,+3.41238E+01  
-3.73364E+01,+3.41362E+01  
-3.75328E+01,+3.37052E+01  
-3.76776E+01,+3.37362E+01  
-3.77975E+01,+3.35012E+01  
-3.85972E+01,+3.36370E+01  
-3.93993E+01,+3.37676E+01  
-3.95860E+01,+3.30673E+01  
-3.96999E+01,+3.30841E+01  
-4.01293E+01,+3.24440E+01  
-4.05526E+01,+3.18025E+01  
-4.07100E+01,+3.18173E+01  
-4.11836E+01,+3.11941E+01  
-4.14304E+01,+3.12370E+01  
-4.17857E+01,+3.06056E+01  
-4.21364E+01,+2.99733E+01  
-4.27286E+01,+3.00697E+01  
-4.30373E+01,+2.94714E+01  
-4.30882E+01,+2.94691E+01  
-4.34828E+01,+2.88021E+01  
-4.35632E+01,+2.88108E+01  
-4.39423E+01,+2.81049E+01  
-4.40217E+01,+2.81069E+01  
-4.42031E+01,+2.76713E+01  
-4.43831E+01,+2.72355E+01  
-4.45059E+01,+2.72538E+01  
-4.46870E+01,+2.67668E+01  
-4.48666E+01,+2.62796E+01  
-4.48163E+01,+2.62700E+01  
-4.48989E+01,+2.60554E+01  
-4.50917E+01,+2.60814E+01  
-4.52960E+01,+2.56367E+01  
-4.54988E+01,+2.51918E+01  
-4.57915E+01,+2.52542E+01  
-4.61188E+01,+2.45904E+01  
-4.61961E+01,+2.45974E+01  
-4.64758E+01,+2.39174E+01  
-4.56993E+01,+2.37836E+01  
-4.49245E+01,+2.36459E+01  
-4.50239E+01,+2.29632E+01  
-4.50658E+01,+2.29731E+01  
-4.51574E+01,+2.23898E+01  
-4.52483E+01,+2.18064E+01  
-4.53853E+01,+2.18223E+01  
-4.55152E+01,+2.12465E+01  
-4.54187E+01,+2.12217E+01  
-4.55570E+01,+2.05958E+01  
-4.57737E+01,+2.06180E+01  
-4.59398E+01,+1.98022E+01  
-4.60015E+01,+1.98227E+01  
-4.60932E+01,+1.93773E+01  
-4.61844E+01,+1.89319E+01  
-4.62243E+01,+1.89351E+01  
-4.63182E+01,+1.84215E+01  
-4.63907E+01,+1.84220E+01  
-4.65202E+01,+1.75883E+01  
-4.64072E+01,+1.75663E+01  
-4.64982E+01,+1.70865E+01  
-4.65887E+01,+1.66067E+01  
-4.65287E+01,+1.65868E+01  
-4.66476E+01,+1.60187E+01  
-4.67658E+01,+1.54506E+01  
-4.67658E+01,+1.54506E+01  
-4.59475E+01,+1.53604E+01  
-4.51300E+01,+1.52673E+01  
-4.51362E+01,+1.46467E+01  
-4.51423E+01,+1.40261E+01  
-4.50614E+01,+1.39917E+01  
-4.50493E+01,+1.33358E+01  
-4.50373E+01,+1.26799E+01  
-4.42620E+01,+1.26256E+01  
-4.42775E+01,+1.21008E+01  
-4.38845E+01,+1.20854E+01  
-4.39026E+01,+1.15062E+01  
-4.39206E+01,+1.09270E+01  
-4.34482E+01,+1.09055E+01  
-4.29758E+01,+1.08832E+01  
-4.25035E+01,+1.08602E+01  
-4.20313E+01,+1.08365E+01  
-4.15592E+01,+1.08121E+01  
-4.10871E+01,+1.07869E+01  
-4.10829E+01,+9.97939E+00  
-4.08615E+01,+9.97269E+00  
-4.08648E+01,+9.38937E+00  
-4.06402E+01,+9.37285E+00  
-4.06522E+01,+8.84060E+00  
-4.01196E+01,+8.81526E+00  
-4.01408E+01,+8.21537E+00  
-3.96608E+01,+8.19726E+00  
-3.91808E+01,+8.17858E+00  
-3.87009E+01,+8.15934E+00  
-3.82210E+01,+8.13953E+00  
-3.82065E+01,+7.70334E+00  
-3.75356E+01,+7.67935E+00  
-3.68648E+01,+7.65432E+00  
-3.68514E+01,+7.40089E+00  
-3.60577E+01,+7.36342E+00  
-3.60469E+01,+7.02322E+00  
-3.53665E+01,+6.93495E+00  
-3.53629E+01,+6.61393E+00  
-3.44937E+01,+6.61577E+00  
-3.36244E+01,+6.61760E+00  
-3.36203E+01,+6.10421E+00  
-3.35136E+01,+6.07619E+00  
-3.35068E+01,+5.64946E+00  
-3.29780E+01,+5.64716E+00  
-3.29198E+01,+4.80377E+00  
-3.28617E+01,+3.96038E+00  
-3.23870E+01,+3.98590E+00  
-3.19122E+01,+4.01114E+00  
-3.14374E+01,+4.03611E+00  
-3.09625E+01,+4.06081E+00  
-3.08868E+01,+3.25477E+00  
-3.08113E+01,+2.44874E+00  
-3.07358E+01,+1.64269E+00  
-3.00269E+01,+1.60709E+00  
-2.99203E+01,+7.97401E-01  
-2.92096E+01,+8.48907E-01  
-2.83465E+01,+9.53033E-01  
-2.78309E+01,+1.00748E+00  
-2.73153E+01,+1.06184E+00  
-2.64740E+01,+1.15918E+00  
-2.62887E+01,+4.98136E-01  
-2.56591E+01,+5.56165E-01  
-2.50294E+01,+6.14126E-01  
-2.48206E+01,-2.44593E-01  
-2.46117E+01,-1.10331E+00  
-2.40507E+01,-1.03387E+00  
-2.34897E+01,-9.64324E-01  
-2.29355E+01,-8.80401E-01  
-2.23813E+01,-7.96390E-01  
-2.15437E+01,-6.80222E-01  
-2.10168E+01,-5.88493E-01  
-2.04899E+01,-4.96709E-01  
-1.96747E+01,-3.33378E-01  
-1.88497E+01,-1.76113E-01  
-1.83693E+01,-7.27519E-02  
-1.78889E+01,+3.06094E-02  
-1.73229E+01,+1.49605E-01  
-1.67569E+01,+2.68587E-01  
-1.64982E+01,+2.98947E-01  
-1.62522E+01,-5.56200E-01  
-1.60372E+01,-5.19631E-01  
-1.58406E+01,-1.14320E+00  
-1.55652E+01,-1.07324E+00  
-1.54103E+01,-1.49342E+00  
-1.46594E+01,-1.30094E+00  
-1.39087E+01,-1.10824E+00  
-1.31580E+01,-9.15345E-01  
-1.29298E+01,-1.50722E+00  
-1.27014E+01,-2.09908E+00  
-1.21641E+01,-1.94545E+00  
-1.19989E+01,-2.40025E+00  
-1.18336E+01,-2.85504E+00  
-1.20293E+01,-3.01345E+00  
-1.18975E+01,-3.49273E+00  
-1.17655E+01,-3.97199E+00  
-1.20968E+01,-4.10303E+00  
-1.20386E+01,-4.58743E+00  
-1.21445E+01,-4.60882E+00  
-1.20185E+01,-5.02557E+00  
-1.16044E+01,-4.94231E+00  
-1.15161E+01,-5.41504E+00  
-1.11669E+01,-5.37706E+00  
-1.10222E+01,-5.93021E+00  
-1.12671E+01,-6.02023E+00  
-1.11805E+01,-6.75542E+00  
-1.19933E+01,-6.96082E+00  
-1.28068E+01,-7.16482E+00  
-1.36210E+01,-7.36740E+00  
-1.34894E+01,-7.88908E+00  
-1.33574E+01,-8.41071E+00  
-1.31911E+01,-8.37401E+00  
-1.30230E+01,-9.22523E+00  
-1.32482E+01,-9.27648E+00  
-1.31663E+01,-9.79444E+00  
-1.33151E+01,-9.82468E+00  
-1.31736E+01,-1.06231E+01  
-1.30313E+01,-1.14215E+01  
-1.35243E+01,-1.15387E+01  
-1.40177E+01,-1.16551E+01  
-1.45115E+01,-1.17706E+01  
-1.50058E+01,-1.18853E+01  
-1.49077E+01,-1.23390E+01  
-1.48611E+01,-1.23196E+01  
-1.47910E+01,-1.26562E+01  
-1.45501E+01,-1.25770E+01  
-1.44102E+01,-1.32181E+01  
-1.45996E+01,-1.32655E+01  
-1.45391E+01,-1.37366E+01  
-1.44784E+01,-1.42077E+01  
-1.36428E+01,-1.40355E+01  
-1.34352E+01,-1.48494E+01  
-1.32261E+01,-1.56632E+01  
-1.33835E+01,-1.56882E+01  
-1.32386E+01,-1.62117E+01  
-1.37702E+01,-1.63229E+01  
-1.43024E+01,-1.64327E+01  
-1.42381E+01,-1.67645E+01  
-1.43688E+01,-1.67770E+01  
-1.42242E+01,-1.73859E+01  
-1.40786E+01,-1.79946E+01  
-1.35189E+01,-1.78930E+01  
-1.29598E+01,-1.77898E+01  
-1.28598E+01,-1.82872E+01  
-1.27593E+01,-1.87845E+01  
-1.24772E+01,-1.87465E+01  
-1.23703E+01,-1.93409E+01  
-1.22626E+01,-1.99353E+01  
-1.19446E+01,-1.98248E+01  
-1.18522E+01,-2.02784E+01  
-1.19708E+01,-2.02991E+01  
-1.17632E+01,-2.11759E+01  
-1.20066E+01,-2.12091E+01  
-1.18495E+01,-2.17351E+01  
-1.19359E+01,-2.17522E+01  
-1.18192E+01,-2.21534E+01  
-1.23643E+01,-2.22671E+01  
-1.29102E+01,-2.23790E+01  
-1.28511E+01,-2.26298E+01  
-1.33398E+01,-2.27302E+01  
-1.38293E+01,-2.28292E+01  
-1.36637E+01,-2.35442E+01  
-1.35703E+01,-2.35143E+01  
-1.34259E+01,-2.41458E+01  
-1.32801E+01,-2.47771E+01  
-1.38106E+01,-2.48874E+01  
-1.36632E+01,-2.56480E+01  
-1.40485E+01,-2.57376E+01  
-1.38156E+01,-2.65856E+01  
-1.36896E+01,-2.65644E+01  
-1.34823E+01,-2.74429E+01  
-1.32716E+01,-2.83210E+01  
-1.27456E+01,-2.82133E+01  
-1.25326E+01,-2.89409E+01  
-1.25326E+01,-2.89409E+01  
-1.32624E+01,-2.90980E+01  
-1.39902E+01,-2.92510E+01  
-1.38201E+01,-2.98515E+01  
-1.37159E+01,-2.98280E+01  
-1.35428E+01,-3.04913E+01  
-1.33666E+01,-3.11567E+01  
-1.34988E+01,-3.11791E+01  
-1.33714E+01,-3.16612E+01  
-1.32453E+01,-3.21432E+01  
-1.38830E+01,-3.22745E+01  
-1.45229E+01,-3.24002E+01  
-1.44461E+01,-3.28976E+01  
-1.43668E+01,-3.34989E+01  
-1.47018E+01,-3.35691E+01  
-1.45151E+01,-3.40434E+01  
-1.52741E+01,-3.42376E+01  
-1.50834E+01,-3.46898E+01  
-1.52659E+01,-3.47702E+01  
-1.51000E+01,-3.51824E+01  
-1.60274E+01,-3.53431E+01  
-1.69619E+01,-3.54994E+01  
-1.77032E+01,-3.56633E+01  
-1.74191E+01,-3.60684E+01  
-1.70847E+01,-3.64724E+01  
-1.74404E+01,-3.65623E+01  
-1.73331E+01,-3.69436E+01  
-1.72335E+01,-3.73744E+01  
-1.75331E+01,-3.74724E+01  
-1.73878E+01,-3.80251E+01  
-1.70505E+01,-3.84467E+01  
-1.67985E+01,-3.84012E+01  
-1.63610E+01,-3.85584E+01  
-1.60438E+01,-3.88834E+01  
-1.59651E+01,-3.93516E+01  
-1.59224E+01,-3.96807E+01  
-1.64146E+01,-3.97900E+01  
-1.64698E+01,-4.02729E+01  
-1.68674E+01,-4.03663E+01  
-1.68166E+01,-4.07897E+01  
-1.67436E+01,-4.11763E+01  
-1.66780E+01,-4.15191E+01  
-1.63316E+01,-4.18065E+01  
-1.62146E+01,-4.23377E+01  
-1.64299E+01,-4.28677E+01  
-1.64299E+01,-4.28677E+01  
-1.63296E+01,-4.33870E+01  
-1.62445E+01,-4.36835E+01  
-1.60856E+01,-4.41319E+01  
-1.59242E+01,-4.45800E+01  
-1.57603E+01,-4.50279E+01  
-1.55939E+01,-4.54756E+01  
-1.48940E+01,-4.53714E+01  
-1.47155E+01,-4.58985E+01  
-1.38100E+01,-4.57972E+01  
-1.35715E+01,-4.66878E+01  
-1.33251E+01,-4.75778E+01  
-1.26102E+01,-4.74714E+01  
-1.18982E+01,-4.73605E+01  
-1.11892E+01,-4.72452E+01  
-1.04834E+01,-4.71256E+01  
-1.02958E+01,-4.76487E+01  
-1.01045E+01,-4.81715E+01  
-9.90926E+00,-4.86939E+01  
-9.70992E+00,-4.92160E+01  
-8.92248E+00,-4.90912E+01  
-8.13908E+00,-4.89610E+01  
-8.02211E+00,-4.92826E+01  
-7.96086E+00,-4.92702E+01  
-7.63767E+00,-5.00587E+01  
-7.43284E+00,-5.00013E+01  
-7.15851E+00,-5.06096E+01  
-6.15983E+00,-5.04171E+01  
-5.16942E+00,-5.02161E+01  
-4.94334E+00,-5.06749E+01  
-4.71279E+00,-5.11333E+01  
-4.47762E+00,-5.15912E+01  
-4.23767E+00,-5.20486E+01  
-3.95559E+00,-5.19788E+01  
-3.44688E+00,-5.27640E+01  
-2.91952E+00,-5.35469E+01  
-2.37231E+00,-5.43274E+01  
-1.38220E+00,-5.40533E+01  
-9.14655E-01,-5.44535E+01  
-4.37900E-01,-5.48518E+01  
-4.37900E-01,-5.48518E+01  
>>>> end
>AN  
+7.77235E+00,-5.43960E+01  
+7.23729E+00,-5.41012E+01  
+6.62540E+00,-5.38142E+01  
+6.18373E+00,-5.41145E+01  
+5.49469E+00,-5.45429E+01  
+5.08372E+00,-5.43093E+01  
+4.82661E+00,-5.41616E+01  
+4.41458E+00,-5.44303E+01  
+3.95638E+00,-5.41267E+01  
+3.36894E+00,-5.38341E+01  
+3.02542E+00,-5.36507E+01  
+2.35975E+00,-5.40374E+01  
+1.69481E+00,-5.43990E+01  
+9.64534E-01,-5.48322E+01  
+4.43182E-01,-5.44512E+01  
-3.88257E-02,-5.46772E+01  
-4.37900E-01,-5.48518E+01  
-4.37900E-01,-5.48518E+01  
-1.03898E+00,-5.50190E+01  
-1.60588E+00,-5.51293E+01  
-1.61369E+00,-5.56529E+01  
-2.07998E+00,-5.56568E+01  
-2.89625E+00,-5.57072E+01  
-3.72024E+00,-5.57399E+01  
-4.05601E+00,-5.57694E+01  
-4.69061E+00,-5.58072E+01  
-4.67546E+00,-5.62102E+01  
-4.69342E+00,-5.65916E+01  
-5.44832E+00,-5.66270E+01  
-6.05679E+00,-5.66721E+01  
-6.09431E+00,-5.69823E+01  
-6.13025E+00,-5.72402E+01  
-6.53815E+00,-5.72700E+01  
-6.99917E+00,-5.73176E+01  
-7.01278E+00,-5.76172E+01  
-7.00902E+00,-5.78694E+01  
-7.52477E+00,-5.79204E+01  
-8.60685E+00,-5.79888E+01  
-9.88532E+00,-5.80915E+01  
-1.11897E+01,-5.81577E+01  
-1.26489E+01,-5.82406E+01  
-1.39543E+01,-5.83173E+01  
-1.50689E+01,-5.83904E+01  
-1.59715E+01,-5.84388E+01  
-1.60047E+01,-5.84593E+01  
-1.62258E+01,-5.87672E+01  
-1.64100E+01,-5.90984E+01  
-1.69169E+01,-5.90982E+01  
-1.76670E+01,-5.91289E+01  
-1.80600E+01,-5.91526E+01  
-1.81233E+01,-5.95093E+01  
-1.84325E+01,-5.95423E+01  
-1.85472E+01,-5.99376E+01  
-1.86464E+01,-6.02500E+01  
-1.93705E+01,-6.02891E+01  
-1.95812E+01,-6.08108E+01  
-2.06510E+01,-6.07817E+01  
-2.17186E+01,-6.07441E+01  
-2.29137E+01,-6.07232E+01  
-2.41069E+01,-6.06917E+01  
-2.50935E+01,-6.05450E+01  
-2.60709E+01,-6.03910E+01  
-2.60709E+01,-6.03910E+01  
-2.68895E+01,-6.05060E+01  
-2.76967E+01,-6.06171E+01  
-2.76967E+01,-6.06171E+01  
-2.87433E+01,-6.06010E+01  
-2.97382E+01,-6.05753E+01  
-3.10139E+01,-6.05118E+01  
-3.23670E+01,-6.04089E+01  
-3.23670E+01,-6.04089E+01  
-3.34464E+01,-6.07009E+01  
-3.48252E+01,-6.09895E+01  
-3.64181E+01,-6.13920E+01  
-3.75605E+01,-6.12433E+01  
-3.90930E+01,-6.10180E+01  
-3.98270E+01,-6.06340E+01  
-4.12136E+01,-6.09750E+01  
-4.20674E+01,-6.05010E+01  
-4.31509E+01,-6.03761E+01  
-4.42259E+01,-6.02425E+01  
-4.42259E+01,-6.02425E+01  
-4.56034E+01,-6.00915E+01  
-4.69632E+01,-5.99598E+01  
-4.82507E+01,-5.99684E+01  
-4.95994E+01,-6.00436E+01  
-5.08871E+01,-6.00936E+01  
-5.11194E+01,-6.05725E+01  
-5.20681E+01,-6.07527E+01  
-5.31221E+01,-6.10366E+01  
-5.43007E+01,-6.15102E+01  
-5.43007E+01,-6.15102E+01  
-5.54359E+01,-6.16868E+01  
-5.63056E+01,-6.20627E+01  
-5.73896E+01,-6.23038E+01  
-5.86143E+01,-6.25533E+01  
-6.01180E+01,-6.29452E+01  
-6.17501E+01,-6.32928E+01  
-6.24198E+01,-6.30013E+01  
-6.32916E+01,-6.28247E+01  
-6.39693E+01,-6.24224E+01  
-6.39693E+01,-6.24224E+01  
-6.31053E+01,-6.21100E+01  
-6.22029E+01,-6.18412E+01  
-6.13323E+01,-6.15431E+01  
-6.06502E+01,-6.13632E+01  
-5.98360E+01,-6.11768E+01  
-5.88906E+01,-6.10818E+01  
-5.81308E+01,-6.09615E+01  
-5.74938E+01,-6.08546E+01  
-5.69250E+01,-6.05647E+01  
-5.69250E+01,-6.05647E+01  
-5.82230E+01,-5.99993E+01  
-5.89698E+01,-5.97285E+01  
-5.97045E+01,-5.94535E+01  
-6.10399E+01,-5.90105E+01  
-6.25714E+01,-5.86029E+01  
-6.35707E+01,-5.83592E+01  
-6.46170E+01,-5.79586E+01  
-6.46170E+01,-5.79586E+01  
-6.58672E+01,-5.77363E+01  
-6.71018E+01,-5.75019E+01  
-6.80972E+01,-5.70717E+01  
-6.92561E+01,-5.68522E+01  
-7.04011E+01,-5.66220E+01  
-7.15481E+01,-5.62552E+01  
-7.22772E+01,-5.59624E+01  
-7.29952E+01,-5.56654E+01  
-7.34799E+01,-5.53590E+01  
-7.41202E+01,-5.50037E+01  
-7.47492E+01,-5.46451E+01  
-7.52389E+01,-5.42941E+01  
-7.57203E+01,-5.39412E+01  
-7.60197E+01,-5.34352E+01  
-7.63121E+01,-5.29285E+01  
-7.64833E+01,-5.20684E+01  
-7.64833E+01,-5.20684E+01  
-7.66257E+01,-5.13775E+01  
-7.67565E+01,-5.07289E+01  
-7.69898E+01,-4.98446E+01  
-7.70240E+01,-4.91923E+01  
-7.69255E+01,-4.85065E+01  
-7.66497E+01,-4.78746E+01  
-7.63210E+01,-4.74777E+01  
-7.59972E+01,-4.70799E+01  
-7.59581E+01,-4.64220E+01  
-7.60062E+01,-4.56585E+01  
-7.60062E+01,-4.56585E+01  
-7.66746E+01,-4.56427E+01  
-7.76607E+01,-4.57605E+01  
-7.77640E+01,-4.55885E+01  
-7.79902E+01,-4.50916E+01  
-7.82065E+01,-4.44111E+01  
-7.88933E+01,-4.45449E+01  
-7.95858E+01,-4.46655E+01  
-8.02811E+01,-4.47819E+01  
-8.11065E+01,-4.48760E+01  
-8.19346E+01,-4.49641E+01  
-8.21377E+01,-4.44040E+01  
-8.23507E+01,-4.36390E+01  
-8.25089E+01,-4.28607E+01  
-8.34475E+01,-4.29815E+01  
-8.34538E+01,-4.28730E+01  
-8.36037E+01,-4.22225E+01  
-8.37162E+01,-4.16737E+01  
-8.38269E+01,-4.11247E+01  
-8.44870E+01,-4.11909E+01  
-8.51484E+01,-4.12533E+01  
-8.62401E+01,-4.13925E+01  
-8.73364E+01,-4.15213E+01  
-8.74171E+01,-4.12729E+01  
-8.84467E+01,-4.13187E+01  
-8.92496E+01,-4.13781E+01  
-9.00540E+01,-4.14319E+01  
-9.00876E+01,-4.10585E+01  
-9.07391E+01,-4.10823E+01  
-9.13910E+01,-4.11025E+01  
-9.14756E+01,-4.07319E+01  
-9.15122E+01,-4.02824E+01  
-9.15483E+01,-3.98329E+01  
-9.16035E+01,-3.93493E+01  
-9.16579E+01,-3.88656E+01  
-9.23397E+01,-3.89184E+01  
-9.30225E+01,-3.89673E+01  
-9.30748E+01,-3.84294E+01  
-9.39963E+01,-3.84823E+01  
-9.40931E+01,-3.77170E+01  
-9.41298E+01,-3.70006E+01  
-9.49095E+01,-3.69851E+01  
-9.56889E+01,-3.69646E+01  
-9.65515E+01,-3.69209E+01  
-9.74131E+01,-3.68710E+01  
-9.74017E+01,-3.62936E+01  
-9.84167E+01,-3.61928E+01  
-9.95318E+01,-3.61332E+01  
-1.00645E+02,-3.60632E+01  
-1.01286E+02,-3.59970E+01  
-1.01926E+02,-3.59274E+01  
-1.02565E+02,-3.58544E+01  
-1.03202E+02,-3.57781E+01  
-1.03998E+02,-3.56944E+01  
-1.04793E+02,-3.56055E+01  
-1.05391E+02,-3.55236E+01  
-1.05988E+02,-3.54388E+01  
-1.06666E+02,-3.53935E+01  
-1.07343E+02,-3.53445E+01  
-1.08071E+02,-3.52404E+01  
-1.08797E+02,-3.51319E+01  
-1.09259E+02,-3.45446E+01  
-1.09259E+02,-3.45446E+01  
-1.09691E+02,-3.46092E+01  
-1.09919E+02,-3.47019E+01  
-1.10141E+02,-3.48171E+01  
-1.10326E+02,-3.49460E+01  
-1.10527E+02,-3.50613E+01  
-1.10827E+02,-3.50908E+01  
-1.10827E+02,-3.50908E+01  
-1.10877E+02,-3.53191E+01  
-1.10895E+02,-3.57967E+01  
-1.10579E+02,-3.58301E+01  
-1.10715E+02,-3.62186E+01  
-1.10739E+02,-3.63578E+01  
-1.10471E+02,-3.64102E+01  
-1.10668E+02,-3.70423E+01  
-1.10869E+02,-3.76741E+01  
-1.11067E+02,-3.82760E+01  
-1.11268E+02,-3.88776E+01  
-1.11270E+02,-3.89785E+01  
-1.10391E+02,-3.89858E+01  
-1.10533E+02,-3.95749E+01  
-1.10677E+02,-4.01638E+01  
-1.10754E+02,-4.07597E+01  
-1.10832E+02,-4.13555E+01  
-1.10954E+02,-4.22487E+01  
-1.11349E+02,-4.22004E+01  
-1.11538E+02,-4.26833E+01  
-1.11730E+02,-4.31659E+01  
-1.11971E+02,-4.37738E+01  
-1.12216E+02,-4.43811E+01  
-1.12381E+02,-4.49378E+01  
-1.12550E+02,-4.54942E+01  
-1.12675E+02,-4.58327E+01  
-1.12426E+02,-4.58544E+01  
-1.12685E+02,-4.65385E+01  
-1.12950E+02,-4.72221E+01  
-1.13131E+02,-4.77733E+01  
-1.13315E+02,-4.83242E+01  
-1.13528E+02,-4.88410E+01  
-1.13745E+02,-4.93574E+01  
-1.13875E+02,-4.98489E+01  
-1.14556E+02,-4.97210E+01  
-1.15233E+02,-4.95892E+01  
-1.16388E+02,-4.93675E+01  
-1.16802E+02,-4.98934E+01  
-1.17225E+02,-5.04178E+01  
-1.17522E+02,-5.08747E+01  
-1.17824E+02,-5.13309E+01  
-1.18120E+02,-5.17718E+01  
-1.18422E+02,-5.22120E+01  
-1.18875E+02,-5.27524E+01  
-1.18977E+02,-5.28974E+01  
-1.17661E+02,-5.31241E+01  
-1.18037E+02,-5.36908E+01  
-1.18313E+02,-5.43503E+01  
-1.18581E+02,-5.48185E+01  
-1.19685E+02,-5.46416E+01  
-1.20663E+02,-5.44098E+01  
-1.21228E+02,-5.52189E+01  
-1.21635E+02,-5.58321E+01  
-1.21862E+02,-5.60262E+01  
-1.22655E+02,-5.58731E+01  
-1.23442E+02,-5.57150E+01  
-1.24262E+02,-5.55873E+01  
-1.25077E+02,-5.54541E+01  
-1.26197E+02,-5.51382E+01  
-1.26800E+02,-5.50641E+01  
-1.27231E+02,-5.55654E+01  
-1.28624E+02,-5.53215E+01  
-1.29345E+02,-5.51286E+01  
-1.30059E+02,-5.49314E+01  
-1.31375E+02,-5.46229E+01  
-1.32126E+02,-5.44323E+01  
-1.32870E+02,-5.42371E+01  
-1.34205E+02,-5.38871E+01  
-1.35307E+02,-5.36430E+01  
-1.36180E+02,-5.33957E+01  
-1.36590E+02,-5.39067E+01  
-1.37522E+02,-5.36878E+01  
-1.37890E+02,-5.35679E+01  
-1.38338E+02,-5.41410E+01  
-1.38799E+02,-5.47123E+01  
-1.39253E+02,-5.52509E+01  
-1.39578E+02,-5.56146E+01  
-1.39191E+02,-5.57249E+01  
-1.39545E+02,-5.62678E+01  
-1.40041E+02,-5.67722E+01  
-1.40325E+02,-5.70528E+01  
-1.41211E+02,-5.68392E+01  
-1.42086E+02,-5.66193E+01  
-1.43324E+02,-5.62625E+01  
-1.44482E+02,-5.59103E+01  
-1.44857E+02,-5.57842E+01  
-1.45412E+02,-5.62277E+01  
-1.45979E+02,-5.66686E+01  
-1.46681E+02,-5.73076E+01  
-1.47167E+02,-5.76379E+01  
-1.47692E+02,-5.75547E+01  
-1.48276E+02,-5.81300E+01  
-1.49264E+02,-5.88221E+01  
-1.49809E+02,-5.93141E+01  
-1.50382E+02,-5.97176E+01  
-1.51329E+02,-5.94694E+01  
-1.52119E+02,-6.01575E+01  
-1.52943E+02,-6.08407E+01  
-1.53661E+02,-6.13992E+01  
-1.54181E+02,-6.18361E+01  
-1.54324E+02,-6.17762E+01  
-1.55254E+02,-6.24327E+01  
-1.56022E+02,-6.29525E+01  
-1.56717E+02,-6.33240E+01  
-1.57601E+02,-6.30700E+01  
-1.58394E+02,-6.27885E+01  
-1.58703E+02,-6.30044E+01  
-1.59888E+02,-6.25954E+01  
-1.60430E+02,-6.29233E+01  
-1.61338E+02,-6.26144E+01  
-1.62061E+02,-6.23936E+01  
-1.63001E+02,-6.29675E+01  
-1.63921E+02,-6.34667E+01  
-1.65149E+02,-6.30070E+01  
-1.66199E+02,-6.26056E+01  
-1.66608E+02,-6.24900E+01  
-1.67513E+02,-6.31060E+01  
-1.68379E+02,-6.37303E+01  
-1.69109E+02,-6.42448E+01  
-1.69839E+02,-6.47637E+01  
-1.70043E+02,-6.48585E+01  
-1.71300E+02,-6.43564E+01  
-1.72517E+02,-6.49783E+01  
-1.73709E+02,-6.55061E+01  
-1.74418E+02,-6.58352E+01  
-1.75070E+02,-6.55050E+01  
-1.75729E+02,-6.51825E+01  
-1.77072E+02,-6.56069E+01  
-1.77926E+02,-6.58623E+01  
-1.78793E+02,-6.61632E+01  
-1.79197E+02,-6.59859E+01  
+1.79963E+02,-6.57385E+01  
+1.79381E+02,-6.54773E+01  
+1.78759E+02,-6.52740E+01  
+1.78240E+02,-6.50791E+01  
+1.77889E+02,-6.49749E+01  
+1.77338E+02,-6.47362E+01  
+1.76819E+02,-6.45060E+01  
+1.76549E+02,-6.44101E+01  
+1.76063E+02,-6.41878E+01  
+1.75582E+02,-6.39840E+01  
+1.75162E+02,-6.41741E+01  
+1.74814E+02,-6.43149E+01  
+1.74242E+02,-6.45079E+01  
+1.73631E+02,-6.47379E+01  
+1.72520E+02,-6.42561E+01  
+1.72164E+02,-6.40974E+01  
+1.71640E+02,-6.38072E+01  
+1.71009E+02,-6.34473E+01  
+1.70441E+02,-6.31488E+01  
+1.70068E+02,-6.29724E+01  
+1.69605E+02,-6.26762E+01  
+1.69238E+02,-6.24461E+01  
+1.68708E+02,-6.26321E+01  
+1.68277E+02,-6.27732E+01  
+1.67550E+02,-6.29712E+01  
+1.66858E+02,-6.32206E+01  
+1.66620E+02,-6.30869E+01  
+1.65969E+02,-6.26676E+01  
+1.65653E+02,-6.24727E+01  
+1.65103E+02,-6.20772E+01  
+1.64768E+02,-6.21772E+01  
+1.64275E+02,-6.23219E+01  
+1.63773E+02,-6.24746E+01  
+1.63202E+02,-6.26599E+01  
+1.62579E+02,-6.22128E+01  
+1.61975E+02,-6.17630E+01  
+1.61228E+02,-6.14567E+01  
+1.61228E+02,-6.14567E+01  
+1.60865E+02,-6.15586E+01  
+1.59440E+02,-6.20259E+01  
+1.57970E+02,-6.24781E+01  
+1.56457E+02,-6.29143E+01  
+1.55701E+02,-6.21738E+01  
+1.54981E+02,-6.14294E+01  
+1.54294E+02,-6.06813E+01  
+1.53639E+02,-5.99299E+01  
+1.52473E+02,-6.01764E+01  
+1.51290E+02,-6.04126E+01  
+1.51008E+02,-5.99442E+01  
+1.50733E+02,-5.94753E+01  
+1.50006E+02,-5.95704E+01  
+1.49652E+02,-5.89988E+01  
+1.49398E+02,-5.85518E+01  
+1.49150E+02,-5.81044E+01  
+1.48806E+02,-5.74358E+01  
+1.48076E+02,-5.75271E+01  
+1.47902E+02,-5.75662E+01  
+1.47721E+02,-5.70884E+01  
+1.47545E+02,-5.66104E+01  
+1.47373E+02,-5.61321E+01  
+1.47206E+02,-5.56536E+01  
+1.47043E+02,-5.51749E+01  
+1.46881E+02,-5.46953E+01  
+1.46881E+02,-5.46953E+01  
+1.45401E+02,-5.47555E+01  
+1.44282E+02,-5.47985E+01  
+1.43778E+02,-5.42343E+01  
+1.42250E+02,-5.42149E+01  
+1.41451E+02,-5.40528E+01  
+1.40659E+02,-5.38854E+01  
+1.40584E+02,-5.35044E+01  
+1.40478E+02,-5.27502E+01  
+1.40400E+02,-5.22743E+01  
+1.40323E+02,-5.17983E+01  
+1.39813E+02,-5.18376E+01  
+1.39733E+02,-5.11739E+01  
+1.39645E+02,-5.02794E+01  
+1.39110E+02,-5.02558E+01  
+1.38401E+02,-5.02311E+01  
+1.37700E+02,-5.02336E+01  
+1.36946E+02,-5.02204E+01  
+1.36226E+02,-5.02476E+01  
+1.35246E+02,-5.02093E+01  
+1.35026E+02,-5.03842E+01  
+1.34245E+02,-5.03475E+01  
+1.33465E+02,-5.03055E+01  
+1.32261E+02,-5.02228E+01  
+1.31515E+02,-5.02222E+01  
+1.31256E+02,-5.06037E+01  
+1.30569E+02,-5.05249E+01  
+1.29412E+02,-5.03480E+01  
+1.28312E+02,-5.01592E+01  
+1.27143E+02,-4.99761E+01  
+1.27196E+02,-4.96429E+01  
+1.27243E+02,-4.92939E+01  
+1.27313E+02,-4.87639E+01  
+1.26861E+02,-4.86977E+01  
+1.26434E+02,-4.86297E+01  
+1.26264E+02,-4.90443E+01  
+1.26074E+02,-4.94014E+01  
+1.25896E+02,-4.97171E+01  
+1.25262E+02,-4.95983E+01  
+1.25125E+02,-4.93581E+01  
+1.24992E+02,-4.91528E+01  
+1.24607E+02,-4.89835E+01  
+1.24213E+02,-4.88476E+01  
+1.24007E+02,-4.89058E+01  
+1.23771E+02,-4.91216E+01  
+1.23328E+02,-4.95847E+01  
+1.23013E+02,-4.95424E+01  
+1.22797E+02,-4.97286E+01  
+1.22553E+02,-4.98116E+01  
+1.22224E+02,-4.98462E+01  
+1.21866E+02,-4.97355E+01  
+1.21437E+02,-4.96202E+01  
+1.21555E+02,-4.90056E+01  
+1.20842E+02,-4.88896E+01  
+1.20516E+02,-4.95243E+01  
+1.20273E+02,-5.00360E+01  
+1.19366E+02,-4.99384E+01  
+1.18547E+02,-4.98017E+01  
+1.18194E+02,-4.98648E+01  
+1.17523E+02,-4.96199E+01  
+1.16635E+02,-4.92709E+01  
+1.16256E+02,-4.95404E+01  
+1.15988E+02,-4.98517E+01  
+1.15500E+02,-4.99743E+01  
+1.14362E+02,-4.98778E+01  
+1.14024E+02,-5.03877E+01  
+1.12967E+02,-5.02004E+01  
+1.11666E+02,-5.00838E+01  
+1.11363E+02,-4.99297E+01  
+1.11129E+02,-4.98004E+01  
+1.10868E+02,-4.98289E+01  
+1.10472E+02,-4.97790E+01  
+1.09351E+02,-4.95235E+01  
+1.09351E+02,-4.95235E+01  
+1.08240E+02,-4.92587E+01  
+1.08285E+02,-4.91823E+01  
+1.07486E+02,-4.90146E+01  
+1.06692E+02,-4.88414E+01  
+1.06554E+02,-4.91009E+01  
+1.05898E+02,-4.89335E+01  
+1.05247E+02,-4.87624E+01  
+1.04601E+02,-4.85877E+01  
+1.03959E+02,-4.84093E+01  
+1.03321E+02,-4.82275E+01  
+1.02688E+02,-4.80421E+01  
+1.02060E+02,-4.78533E+01  
+1.01436E+02,-4.76610E+01  
+1.00817E+02,-4.74654E+01  
+1.00202E+02,-4.72665E+01  
+9.96243E+01,-4.79781E+01  
+9.89794E+01,-4.77439E+01  
+9.83404E+01,-4.75061E+01  
+9.77072E+01,-4.72648E+01  
+9.70797E+01,-4.70200E+01  
+9.64580E+01,-4.67718E+01  
+9.58420E+01,-4.65203E+01  
+9.62738E+01,-4.59963E+01  
+9.66975E+01,-4.54707E+01  
+9.58064E+01,-4.51414E+01  
+9.49257E+01,-4.48053E+01  
+9.50405E+01,-4.46195E+01  
+9.44702E+01,-4.43897E+01  
+9.39044E+01,-4.41571E+01  
+9.33431E+01,-4.39217E+01  
+9.27862E+01,-4.36836E+01  
+9.22337E+01,-4.34428E+01  
+9.16857E+01,-4.31994E+01  
+9.11420E+01,-4.29534E+01  
+9.06027E+01,-4.27049E+01  
+9.00677E+01,-4.24538E+01  
+8.95370E+01,-4.22002E+01  
+8.90106E+01,-4.19442E+01  
+8.84884E+01,-4.16859E+01  
+8.80599E+01,-4.19974E+01  
+8.75023E+01,-4.17105E+01  
+8.69497E+01,-4.14210E+01  
+8.64020E+01,-4.11288E+01  
+8.58592E+01,-4.08341E+01  
+8.54665E+01,-4.11802E+01  
+8.50697E+01,-4.15249E+01  
+8.46686E+01,-4.18682E+01  
+8.42631E+01,-4.22101E+01  
+8.38533E+01,-4.25506E+01  
+8.34390E+01,-4.28896E+01  
+8.25877E+01,-4.23091E+01  
+8.17520E+01,-4.17225E+01  
+8.09315E+01,-4.11299E+01  
+8.04635E+01,-4.15119E+01  
+7.99900E+01,-4.18919E+01  
+7.93191E+01,-4.13840E+01  
+7.86586E+01,-4.08722E+01  
+7.84837E+01,-4.08664E+01  
+7.78245E+01,-4.03260E+01  
+7.84254E+01,-3.99049E+01  
+7.80024E+01,-3.95385E+01  
+7.83839E+01,-3.92620E+01  
+7.80731E+01,-3.90049E+01  
+7.85293E+01,-3.86592E+01  
+7.81815E+01,-3.83932E+01  
+7.87061E+01,-3.80006E+01  
+7.80213E+01,-3.74829E+01  
+7.86063E+01,-3.69983E+01  
+7.91839E+01,-3.65109E+01  
+7.86899E+01,-3.60980E+01  
+7.82011E+01,-3.56831E+01  
+7.88035E+01,-3.51612E+01  
+7.84423E+01,-3.48423E+01  
+7.84879E+01,-3.48067E+01  
+7.79166E+01,-3.43238E+01  
+7.73518E+01,-3.38383E+01  
+7.80858E+01,-3.31942E+01  
+7.76578E+01,-3.28276E+01  
+7.72334E+01,-3.24595E+01  
+7.68124E+01,-3.20900E+01  
+7.63948E+01,-3.17191E+01  
+7.66894E+01,-3.14649E+01  
+7.61481E+01,-3.09704E+01  
+7.62045E+01,-3.09057E+01  
+7.57972E+01,-3.05735E+01  
+7.53926E+01,-3.02401E+01  
+7.55149E+01,-3.01176E+01  
+7.53641E+01,-3.00058E+01  
+7.55539E+01,-2.98394E+01  
+7.49376E+01,-2.93284E+01  
+7.49940E+01,-2.92645E+01  
+7.45917E+01,-2.89035E+01  
+7.41922E+01,-2.85413E+01  
+7.44058E+01,-2.83173E+01  
+7.39685E+01,-2.79442E+01  
+7.35342E+01,-2.75698E+01  
+7.33995E+01,-2.76550E+01  
+7.31227E+01,-2.74458E+01  
+7.29202E+01,-2.75728E+01  
+7.24626E+01,-2.71462E+01  
+7.20084E+01,-2.67182E+01  
+7.20656E+01,-2.66560E+01  
+7.17166E+01,-2.63857E+01  
+7.15800E+01,-2.64544E+01  
+7.11354E+01,-2.60831E+01  
+7.09943E+01,-2.61873E+01  
+7.06654E+01,-2.59124E+01  
+7.04086E+01,-2.60604E+01  
+6.99595E+01,-2.56512E+01  
+6.99595E+01,-2.56512E+01  
+6.94900E+01,-2.56762E+01  
+6.94603E+01,-2.57822E+01  
+6.91379E+01,-2.57843E+01  
+6.91500E+01,-2.59933E+01  
+6.88294E+01,-2.60089E+01  
+6.88197E+01,-2.61410E+01  
+6.85979E+01,-2.61206E+01  
+6.86219E+01,-2.62625E+01  
+6.79791E+01,-2.62906E+01  
+6.79622E+01,-2.65830E+01  
+6.74333E+01,-2.65715E+01  
+6.74240E+01,-2.68699E+01  
+6.71555E+01,-2.68674E+01  
+6.71290E+01,-2.72692E+01  
+6.63730E+01,-2.72811E+01  
+6.63590E+01,-2.75145E+01  
+6.53475E+01,-2.75141E+01  
+6.53321E+01,-2.78122E+01  
+6.44669E+01,-2.78175E+01  
+6.36037E+01,-2.78313E+01  
+6.36211E+01,-2.80388E+01  
+6.31942E+01,-2.80214E+01  
+6.32112E+01,-2.81640E+01  
+6.27030E+01,-2.81525E+01  
+6.27462E+01,-2.84585E+01  
+6.21351E+01,-2.84896E+01  
+6.21619E+01,-2.88114E+01  
+6.15176E+01,-2.87772E+01  
+6.15322E+01,-2.89199E+01  
+6.08102E+01,-2.89313E+01  
+6.07864E+01,-2.94652E+01  
+6.07624E+01,-2.99990E+01  
+6.07473E+01,-3.00145E+01  
+6.07628E+01,-3.05315E+01  
+6.00054E+01,-3.05607E+01  
+5.91880E+01,-3.05671E+01  
+5.91667E+01,-3.10497E+01  
+5.85299E+01,-3.10553E+01  
+5.84563E+01,-3.16910E+01  
+5.78000E+01,-3.17220E+01  
+5.71530E+01,-3.17706E+01  
+5.71223E+01,-3.23028E+01  
+5.70912E+01,-3.28350E+01  
+5.70607E+01,-3.35542E+01  
+5.64006E+01,-3.36268E+01  
+5.57379E+01,-3.36528E+01  
+5.56987E+01,-3.42350E+01  
+5.53010E+01,-3.42872E+01  
+5.52747E+01,-3.45605E+01  
+5.42551E+01,-3.45416E+01  
+5.42161E+01,-3.53024E+01  
+5.34706E+01,-3.55167E+01  
+5.34665E+01,-3.61409E+01  
+5.29023E+01,-3.61530E+01  
+5.23380E+01,-3.61624E+01  
+5.23106E+01,-3.67973E+01  
+5.22827E+01,-3.74322E+01  
+5.15548E+01,-3.74415E+01  
+5.08270E+01,-3.74507E+01  
+5.08233E+01,-3.75799E+01  
+4.99622E+01,-3.75968E+01  
+4.99451E+01,-3.77902E+01  
+4.90366E+01,-3.77917E+01  
+4.90344E+01,-3.79999E+01  
+4.86326E+01,-3.80142E+01  
+4.80171E+01,-3.84780E+01  
+4.80234E+01,-3.86507E+01  
+4.71353E+01,-3.87637E+01  
+4.62444E+01,-3.88699E+01  
+4.61602E+01,-3.94945E+01  
+4.60744E+01,-4.01190E+01  
+4.53318E+01,-4.01085E+01  
+4.53027E+01,-4.03659E+01  
+4.47160E+01,-4.03689E+01  
+4.46858E+01,-4.06911E+01  
+4.40230E+01,-4.06708E+01  
+4.40092E+01,-4.09150E+01  
+4.28729E+01,-4.08505E+01  
+4.27740E+01,-4.13205E+01  
+4.26737E+01,-4.17904E+01  
+4.25719E+01,-4.22602E+01  
+4.24686E+01,-4.27299E+01  
+4.18120E+01,-4.26553E+01  
+4.16859E+01,-4.31174E+01  
+4.15578E+01,-4.35794E+01  
+4.05058E+01,-4.34376E+01  
+3.94588E+01,-4.32862E+01  
+3.92673E+01,-4.37257E+01  
+3.90729E+01,-4.41648E+01  
+3.83383E+01,-4.40547E+01  
+3.81937E+01,-4.44010E+01  
+3.80827E+01,-4.46188E+01  
+3.80827E+01,-4.46188E+01  
+3.75083E+01,-4.48753E+01  
+3.70855E+01,-4.48043E+01  
+3.66774E+01,-4.49197E+01  
+3.63029E+01,-4.49665E+01  
+3.59729E+01,-4.49607E+01  
+3.56603E+01,-4.48660E+01  
+3.51819E+01,-4.48555E+01  
+3.50145E+01,-4.51058E+01  
+3.48682E+01,-4.54657E+01  
+3.47040E+01,-4.59714E+01  
+3.45037E+01,-4.62216E+01  
+3.42672E+01,-4.62123E+01  
+3.40869E+01,-4.60899E+01  
+3.39824E+01,-4.60812E+01  
+3.38184E+01,-4.59791E+01  
+3.35400E+01,-4.63464E+01  
+3.33585E+01,-4.68055E+01  
+3.31739E+01,-4.72644E+01  
+3.21258E+01,-4.69998E+01  
+3.21258E+01,-4.69998E+01  
+3.18654E+01,-4.72011E+01  
+3.15885E+01,-4.76822E+01  
+3.13065E+01,-4.81627E+01  
+3.10081E+01,-4.85871E+01  
+3.07046E+01,-4.90106E+01  
+3.03617E+01,-4.92155E+01  
+3.00060E+01,-4.96108E+01  
+2.97115E+01,-4.99335E+01  
+2.93431E+01,-5.05070E+01  
+2.89688E+01,-5.11373E+01  
+2.86054E+01,-5.17716E+01  
+2.84027E+01,-5.22771E+01  
+2.83122E+01,-5.25400E+01  
+2.81108E+01,-5.29037E+01  
+2.74795E+01,-5.27708E+01  
+2.73704E+01,-5.26730E+01  
+2.73221E+01,-5.25472E+01  
+2.67131E+01,-5.23780E+01  
+2.65129E+01,-5.26201E+01  
+2.63382E+01,-5.30650E+01  
+2.61809E+01,-5.34288E+01  
+2.59869E+01,-5.35818E+01  
+2.58614E+01,-5.34799E+01  
+2.56475E+01,-5.34100E+01  
+2.51797E+01,-5.34441E+01  
+2.48726E+01,-5.33453E+01  
+2.48726E+01,-5.33453E+01  
+2.46851E+01,-5.34215E+01  
+2.38862E+01,-5.33086E+01  
+2.30214E+01,-5.32004E+01  
+2.30753E+01,-5.30977E+01  
+2.25042E+01,-5.30512E+01  
+2.12504E+01,-5.29088E+01  
+1.99938E+01,-5.28167E+01  
+1.87125E+01,-5.25529E+01  
+1.85374E+01,-5.27343E+01  
+1.78063E+01,-5.24669E+01  
+1.69072E+01,-5.21693E+01  
+1.58223E+01,-5.17870E+01  
+1.54280E+01,-5.20836E+01  
+1.51124E+01,-5.23075E+01  
+1.44633E+01,-5.19971E+01  
+1.37876E+01,-5.24769E+01  
+1.32042E+01,-5.21410E+01  
+1.28951E+01,-5.19629E+01  
+1.22989E+01,-5.23750E+01  
+1.17084E+01,-5.27829E+01  
+1.09748E+01,-5.33320E+01  
+1.05424E+01,-5.30655E+01  
+9.99306E+00,-5.27923E+01  
+9.42869E+00,-5.32326E+01  
+8.79876E+00,-5.36680E+01  
+8.28834E+00,-5.40326E+01  
+7.77235E+00,-5.43960E+01  
+7.77235E+00,-5.43960E+01  
+34.325,4.550  
+36.770,5.625  
+38.708,7.677  
+40.000,9.833  
+41.661,11.475  
+4.20332E+01,+1.15772E+01  
+4.28413E+01,+1.17950E+01  
+4.36495E+01,+1.20127E+01  
+4.40493E+01,+1.20080E+01  
+4.45131E+01,+1.20126E+01  
+4.47802E+01,+1.20224E+01  
+4.48817E+01,+1.20189E+01  
+4.49132E+01,+1.20116E+01  
+4.50969E+01,+1.19989E+01  
+4.52811E+01,+1.19983E+01  
+4.53277E+01,+1.20525E+01  
+4.54280E+01,+1.20176E+01  
+4.55218E+01,+1.19829E+01  
+4.56018E+01,+1.20730E+01  
+4.56372E+01,+1.21586E+01  
+4.56496E+01,+1.21519E+01  
+4.58509E+01,+1.21002E+01  
+4.61097E+01,+1.20581E+01  
+4.61503E+01,+1.21123E+01  
+4.61976E+01,+1.21724E+01  
+4.63107E+01,+1.21425E+01  
+4.64290E+01,+1.20875E+01  
+4.65108E+01,+1.22019E+01  
+4.65789E+01,+1.22921E+01  
+4.67168E+01,+1.22482E+01  
+4.68487E+01,+1.22108E+01  
+4.69297E+01,+1.23002E+01  
+4.69923E+01,+1.24030E+01  
+4.70489E+01,+1.23877E+01  
+4.71303E+01,+1.23587E+01  
+4.71613E+01,+1.24630E+01  
+4.73190E+01,+1.24301E+01  
+4.75389E+01,+1.23687E+01  
+4.75875E+01,+1.24409E+01  
+4.76494E+01,+1.25185E+01  
+4.77883E+01,+1.24923E+01  
+4.79014E+01,+1.24611E+01  
+4.79914E+01,+1.25807E+01  
+4.80479E+01,+1.26710E+01  
+4.81420E+01,+1.26407E+01  
+4.82675E+01,+1.26023E+01  
+4.83487E+01,+1.25726E+01  
+4.84479E+01,+1.27289E+01  
+4.85671E+01,+1.26906E+01  
+4.86992E+01,+1.26576E+01  
+4.88025E+01,+1.27698E+01  
+4.88820E+01,+1.29084E+01  
+4.90705E+01,+1.28528E+01  
+4.92784E+01,+1.28019E+01  
+4.93490E+01,+1.28973E+01  
+4.94296E+01,+1.30419E+01  
+4.94721E+01,+1.30078E+01  
+4.95926E+01,+1.31686E+01  
+4.96800E+01,+1.33128E+01  
+4.98491E+01,+1.32512E+01  
+5.00614E+01,+1.31675E+01  
+5.01673E+01,+1.31225E+01  
+5.02524E+01,+1.32290E+01  
+5.03102E+01,+1.33125E+01  
+5.04294E+01,+1.32725E+01  
+5.05730E+01,+1.32181E+01  
+5.06615E+01,+1.33618E+01  
+5.08416E+01,+1.32794E+01  
+5.10790E+01,+1.31923E+01  
+5.12532E+01,+1.31223E+01  
+5.13429E+01,+1.32718E+01  
+5.14487E+01,+1.34576E+01  
+5.15698E+01,+1.36673E+01  
+5.17625E+01,+1.40283E+01  
+5.19400E+01,+1.43530E+01  
+5.21389E+01,+1.46887E+01  
+5.22992E+01,+1.46625E+01  
+5.25469E+01,+1.45972E+01  
+5.26672E+01,+1.45615E+01  
+5.27370E+01,+1.46813E+01  
+5.29071E+01,+1.46221E+01  
+5.31222E+01,+1.45586E+01  
+5.32113E+01,+1.45379E+01  
+5.32202E+01,+1.45623E+01  
+5.33584E+01,+1.45118E+01  
+5.35790E+01,+1.44408E+01  
+5.38180E+01,+1.43615E+01  
+5.38625E+01,+1.43509E+01  
+5.39287E+01,+1.44894E+01  
+5.40177E+01,+1.46573E+01  
+5.40687E+01,+1.47722E+01  
+5.41494E+01,+1.47328E+01  
+5.41926E+01,+1.47096E+01  
+5.42493E+01,+1.46914E+01  
+5.42874E+01,+1.46814E+01  
+5.43319E+01,+1.46707E+01  
+5.43873E+01,+1.46399E+01  
+5.44505E+01,+1.46210E+01  
+5.45110E+01,+1.47601E+01  
+5.45489E+01,+1.48698E+01  
+5.47308E+01,+1.48010E+01  
+5.49576E+01,+1.47272E+01  
+5.50473E+01,+1.47116E+01  
+5.51084E+01,+1.48505E+01  
+5.52778E+01,+1.47885E+01  
+5.54800E+01,+1.47292E+01  
+5.56312E+01,+1.46814E+01  
+5.56685E+01,+1.47216E+01  
+5.58218E+01,+1.46923E+01  
+5.60574E+01,+1.46411E+01  
+5.61791E+01,+1.46213E+01  
+5.62079E+01,+1.46433E+01  
+5.62652E+01,+1.46232E+01  
+5.68188E+01,+1.43021E+01  
+5.67616E+01,+1.42076E+01  
+5.69031E+01,+1.41407E+01  
+5.70372E+01,+1.40681E+01  
+5.69688E+01,+1.39372E+01  
+5.71397E+01,+1.38476E+01  
+5.72990E+01,+1.37718E+01  
+5.73015E+01,+1.37400E+01  
+5.74775E+01,+1.36430E+01  
+5.76891E+01,+1.35225E+01  
+5.78096E+01,+1.34509E+01  
+5.77327E+01,+1.33090E+01  
+5.76392E+01,+1.31377E+01  
+5.78675E+01,+1.30023E+01  
+5.82392E+01,+1.27455E+01  
+5.82392E+01,+1.27455E+01  
+5.80174E+01,+1.22835E+01  
+5.77963E+01,+1.18213E+01  
+5.75760E+01,+1.13589E+01  
+5.73564E+01,+1.08963E+01  
+5.71375E+01,+1.04336E+01  
+5.69192E+01,+9.97076E+00  
+5.69775E+01,+9.85724E+00  
+5.70289E+01,+9.85747E+00  
+5.72606E+01,+9.68141E+00  
+5.74906E+01,+9.94156E+00  
+5.80630E+01,+9.53244E+00  
+5.80184E+01,+9.45008E+00  
+5.82625E+01,+9.29259E+00  
+5.81476E+01,+9.08978E+00  
+5.84302E+01,+8.86262E+00  
+5.82514E+01,+8.64690E+00  
+5.86106E+01,+8.40075E+00  
+5.89183E+01,+8.16694E+00  
+5.88800E+01,+8.09719E+00  
+5.93092E+01,+7.76825E+00  
+5.92197E+01,+7.67308E+00  
+5.96997E+01,+7.31217E+00  
+6.01789E+01,+6.95076E+00  
+6.00383E+01,+6.76686E+00  
+6.06701E+01,+6.30983E+00  
+6.11417E+01,+5.90952E+00  
+6.16573E+01,+5.48967E+00  
+6.15293E+01,+5.26156E+00  
+6.19997E+01,+4.91131E+00  
+6.24568E+01,+4.52272E+00  
+6.30023E+01,+4.10805E+00  
+6.28678E+01,+3.89294E+00  
+6.33307E+01,+3.63067E+00  
+6.33882E+01,+3.70015E+00  
+6.38192E+01,+3.48212E+00  
+6.38898E+01,+3.60222E+00  
+6.46181E+01,+3.21695E+00  
+6.46822E+01,+3.29895E+00  
+6.52128E+01,+2.92078E+00  
+6.54890E+01,+3.29907E+00  
+6.59626E+01,+2.97150E+00  
+6.63795E+01,+2.75200E+00  
+6.61794E+01,+2.39253E+00  
+6.59923E+01,+2.05200E+00  
+6.63328E+01,+1.85871E+00  
+6.66728E+01,+1.62094E+00  
+6.64925E+01,+1.33138E+00  
+6.68698E+01,+1.06795E+00  
+6.66573E+01,+7.22009E-01  
+6.71594E+01,+3.37135E-01  
+6.68392E+01,-3.88400E-02  
+6.72089E+01,-3.39840E-01  
+6.70231E+01,-5.77879E-01  
+6.76620E+01,-1.03960E+00  
+6.73671E+01,-1.43996E+00  
+6.79291E+01,-1.91296E+00  
+6.77884E+01,-2.08765E+00  
+6.82490E+01,-2.54022E+00  
+6.78921E+01,-2.88800E+00  
+6.82702E+01,-3.35132E+00  
+6.86672E+01,-3.77068E+00  
+6.83485E+01,-4.11762E+00  
+6.87510E+01,-4.54877E+00  
+6.81985E+01,-5.04193E+00  
+6.86069E+01,-5.47188E+00  
+6.82191E+01,-5.89099E+00  
+6.77823E+01,-6.25933E+00  
+6.82738E+01,-6.81090E+00  
+6.78113E+01,-7.25250E+00  
+6.80731E+01,-7.64768E+00  
+6.76424E+01,-8.02709E+00  
+6.80390E+01,-8.49189E+00  
+6.75648E+01,-8.88140E+00  
+6.70896E+01,-9.27031E+00  
+6.73780E+01,-9.62999E+00  
+6.69195E+01,-9.99041E+00  
+6.64600E+01,-1.03502E+01  
+6.67874E+01,-1.07620E+01  
+6.61674E+01,-1.12100E+01  
+6.64182E+01,-1.15590E+01  
+6.56978E+01,-1.20185E+01  
+6.60330E+01,-1.24258E+01  
+6.63692E+01,-1.28327E+01  
+6.58205E+01,-1.32681E+01  
+6.62097E+01,-1.37773E+01  
+6.59278E+01,-1.39791E+01  
+6.62076E+01,-1.43387E+01  
+6.64883E+01,-1.46980E+01  
+6.68882E+01,-1.52696E+01  
+6.72902E+01,-1.58215E+01  
+6.73827E+01,-1.59419E+01  
+6.70330E+01,-1.61389E+01  
+6.74105E+01,-1.66587E+01  
+6.67081E+01,-1.70901E+01  
+6.61428E+01,-1.74501E+01  
+6.55424E+01,-1.77830E+01  
+6.50073E+01,-1.80579E+01  
+6.52639E+01,-1.84432E+01  
+6.55217E+01,-1.88281E+01  
+6.60333E+01,-1.95775E+01  
+6.64280E+01,-2.00783E+01  
+6.67513E+01,-1.98703E+01  
+6.70404E+01,-2.02181E+01  
+6.73095E+01,-2.00725E+01  
+6.75930E+01,-2.03689E+01  
+6.77679E+01,-2.02800E+01  
+6.78967E+01,-2.04690E+01  
+6.82125E+01,-2.02907E+01  
+6.85592E+01,-2.07119E+01  
+6.82768E+01,-2.08777E+01  
+6.86529E+01,-2.14495E+01  
+6.92017E+01,-2.20877E+01  
+6.87967E+01,-2.23870E+01  
+6.91621E+01,-2.28305E+01  
+6.95577E+01,-2.33731E+01  
+6.98497E+01,-2.37087E+01  
+6.94016E+01,-2.40396E+01  
+6.96804E+01,-2.43686E+01  
+6.99393E+01,-2.46785E+01  
+6.95921E+01,-2.49701E+01  
+7.00896E+01,-2.54825E+01  
+6.99595E+01,-2.56512E+01  
+6.99595E+01,-2.56512E+01  
+6.94900E+01,-2.56762E+01  
+6.94603E+01,-2.57822E+01  
+6.91379E+01,-2.57843E+01  
+6.91500E+01,-2.59933E+01  
+6.88294E+01,-2.60089E+01  
+6.88197E+01,-2.61410E+01  
+6.85979E+01,-2.61206E+01  
+6.86219E+01,-2.62625E+01  
+6.79791E+01,-2.62906E+01  
+6.79622E+01,-2.65830E+01  
+6.74333E+01,-2.65715E+01  
+6.74240E+01,-2.68699E+01  
+6.71555E+01,-2.68674E+01  
+6.71290E+01,-2.72692E+01  
+6.63730E+01,-2.72811E+01  
+6.63590E+01,-2.75145E+01  
+6.53475E+01,-2.75141E+01  
+6.53321E+01,-2.78122E+01  
+6.44669E+01,-2.78175E+01  
+6.36037E+01,-2.78313E+01  
+6.36211E+01,-2.80388E+01  
+6.31942E+01,-2.80214E+01  
+6.32112E+01,-2.81640E+01  
+6.27030E+01,-2.81525E+01  
+6.27462E+01,-2.84585E+01  
+6.21351E+01,-2.84896E+01  
+6.21619E+01,-2.88114E+01  
+6.15176E+01,-2.87772E+01  
+6.15322E+01,-2.89199E+01  
+6.08102E+01,-2.89313E+01  
+6.07864E+01,-2.94652E+01  
+6.07624E+01,-2.99990E+01  
+6.07473E+01,-3.00145E+01  
+6.07628E+01,-3.05315E+01  
+6.00054E+01,-3.05607E+01  
+5.91880E+01,-3.05671E+01  
+5.91667E+01,-3.10497E+01  
+5.85299E+01,-3.10553E+01  
+5.84563E+01,-3.16910E+01  
+5.78000E+01,-3.17220E+01  
+5.71530E+01,-3.17706E+01  
+5.71223E+01,-3.23028E+01  
+5.70912E+01,-3.28350E+01  
+5.70607E+01,-3.35542E+01  
+5.64006E+01,-3.36268E+01  
+5.57379E+01,-3.36528E+01  
+5.56987E+01,-3.42350E+01  
+5.53010E+01,-3.42872E+01  
+5.52747E+01,-3.45605E+01  
+5.42551E+01,-3.45416E+01  
+5.42161E+01,-3.53024E+01  
+5.34706E+01,-3.55167E+01  
+5.34665E+01,-3.61409E+01  
+5.29023E+01,-3.61530E+01  
+5.23380E+01,-3.61624E+01  
+5.23106E+01,-3.67973E+01  
+5.22827E+01,-3.74322E+01  
+5.15548E+01,-3.74415E+01  
+5.08270E+01,-3.74507E+01  
+5.08233E+01,-3.75799E+01  
+4.99622E+01,-3.75968E+01  
+4.99451E+01,-3.77902E+01  
+4.90366E+01,-3.77917E+01  
+4.90344E+01,-3.79999E+01  
+4.86326E+01,-3.80142E+01  
+4.80171E+01,-3.84780E+01  
+4.80234E+01,-3.86507E+01  
+4.71353E+01,-3.87637E+01  
+4.62444E+01,-3.88699E+01  
+4.61602E+01,-3.94945E+01  
+4.60744E+01,-4.01190E+01  
+45.208,-40.496  
+45.627,-37.636  
+46.047,-33.391  
+46.647,-30.069  
+47.367,-24.994  
+48.266,-22.042  
+48.686,-20.704  
+49.526,-17.935  
+48.686,-17.290  
+44.308,-17.659  
+41.569,-19.766  
+41.661,-17.197  
+41.569,-15.655  
+41.200,-15.243  
+41.292,-13.394  
+41.107,-12.160  
+41.384,-10.825  
+40.923,-9.488  
+39.262,-8.663  
+37.693,-7.427  
+35.848,-7.320  
+35.340,-7.011  
+35.110,-5.983  
+35.386,-3.929  
+36.032,-2.389  
+36.678,-0.437  
+35.755,0.900  
+35.110,3.470  
+34.325,4.550  
+1.53930E+02,-6.26500E+00  
+1.54225E+02,-6.50689E+00  
+1.54540E+02,-6.81779E+00  
+1.54927E+02,-7.29284E+00  
+1.54927E+02,-7.29284E+00  
+1.54730E+02,-6.85808E+00  
+1.54533E+02,-6.42324E+00  
+1.54545E+02,-5.90097E+00  
+1.54592E+02,-5.58051E+00  
+1.54978E+02,-5.24012E+00  
+1.54992E+02,-4.88657E+00  
+1.54955E+02,-4.55028E+00  
+1.54700E+02,-4.28294E+00  
+1.54359E+02,-3.94845E+00  
+1.54256E+02,-3.61210E+00  
+1.54035E+02,-3.32680E+00  
+1.53882E+02,-3.04097E+00  
+1.53711E+02,-2.68759E+00  
+1.53542E+02,-2.60389E+00  
+1.53390E+02,-2.43572E+00  
+1.53119E+02,-2.20029E+00  
+1.52916E+02,-2.15020E+00  
+1.52578E+02,-2.13414E+00  
+1.52155E+02,-1.86475E+00  
+1.51816E+02,-1.64562E+00  
+1.51427E+02,-1.46017E+00  
+1.51089E+02,-1.30833E+00  
+1.50717E+02,-1.22404E+00  
+1.50344E+02,-1.12276E+00  
+1.50023E+02,-1.02138E+00  
+1.49769E+02,-1.00453E+00  
+1.49481E+02,-8.18472E-01  
+1.49270E+02,-6.50210E-01  
+1.49270E+02,-6.50210E-01  
+1.48913E+02,-4.56923E-01  
+1.48724E+02,-3.91858E-01  
+1.48344E+02,-4.09460E-01  
+1.47859E+02,-4.26351E-01  
+1.47354E+02,-2.74652E-01  
+1.47059E+02,-2.93510E-01  
+1.46595E+02,-2.90218E-01  
+1.45919E+02,-3.49163E-01  
+1.45497E+02,-4.73267E-01  
+1.45033E+02,-5.34111E-01  
+1.44357E+02,-7.41885E-01  
+1.43808E+02,-9.50568E-01  
+1.43260E+02,-1.15956E+00  
+1.42922E+02,-1.45354E+00  
+1.42626E+02,-1.91593E+00  
+1.42394E+02,-2.46221E+00  
+1.42246E+02,-2.69310E+00  
+1.42246E+02,-2.69310E+00  
+1.42449E+02,-2.81358E+00  
+1.42633E+02,-2.93233E+00  
+1.42936E+02,-3.01814E+00  
+1.43172E+02,-3.05310E+00  
+1.43508E+02,-3.15594E+00  
+1.43743E+02,-3.46045E+00  
+1.43743E+02,-3.46045E+00  
+1.44368E+02,-3.53117E+00  
+1.44807E+02,-3.55013E+00  
+1.45399E+02,-3.48507E+00  
+1.46110E+02,-3.47062E+00  
+1.46415E+02,-3.43769E+00  
+1.46836E+02,-3.75493E+00  
+1.46918E+02,-3.64099E+00  
+1.46999E+02,-3.51435E+00  
+1.47083E+02,-3.38515E+00  
+1.47162E+02,-3.26100E+00  
+1.47241E+02,-3.15205E+00  
+1.47325E+02,-3.05326E+00  
+1.47407E+02,-2.96204E+00  
+1.47478E+02,-2.90886E+00  
+1.47539E+02,-2.88103E+00  
+1.47605E+02,-2.87857E+00  
+1.47816E+02,-2.81284E+00  
+1.47983E+02,-2.92212E+00  
+1.48123E+02,-3.02628E+00  
+1.48329E+02,-3.14063E+00  
+1.48499E+02,-3.22195E+00  
+1.48675E+02,-3.30577E+00  
+1.48878E+02,-3.39465E+00  
+1.49089E+02,-3.46572E+00  
+1.49295E+02,-3.52151E+00  
+1.49453E+02,-3.54429E+00  
+1.49603E+02,-3.56959E+00  
+1.49717E+02,-3.57966E+00  
+1.49773E+02,-3.59230E+00  
+1.49816E+02,-3.61764E+00  
+1.49817E+02,-3.61656E+00  
+1.49913E+02,-3.49148E+00  
+1.50034E+02,-3.37167E+00  
+1.50135E+02,-3.27439E+00  
+1.50249E+02,-3.20201E+00  
+1.50352E+02,-3.14092E+00  
+1.50436E+02,-3.09258E+00  
+1.50509E+02,-3.06108E+00  
+1.50560E+02,-3.05074E+00  
+1.50616E+02,-3.04729E+00  
+1.50615E+02,-3.08491E+00  
+1.50634E+02,-3.16268E+00  
+1.50683E+02,-3.23453E+00  
+1.50732E+02,-3.29524E+00  
+1.50789E+02,-3.32939E+00  
+1.50824E+02,-3.34847E+00  
+1.50879E+02,-3.33111E+00  
+1.50931E+02,-3.37230E+00  
+1.50982E+02,-3.41905E+00  
+1.51021E+02,-3.47569E+00  
+1.51095E+02,-3.54725E+00  
+1.51142E+02,-3.58709E+00  
+1.51204E+02,-3.60167E+00  
+1.51250E+02,-3.60671E+00  
+1.51301E+02,-3.65625E+00  
+1.51301E+02,-3.65625E+00  
+1.51375E+02,-3.70620E+00  
+1.51428E+02,-3.75424E+00  
+1.51563E+02,-3.66511E+00  
+1.51675E+02,-3.76873E+00  
+1.51814E+02,-3.72013E+00  
+1.51929E+02,-3.67667E+00  
+1.51987E+02,-3.64860E+00  
+1.52038E+02,-3.63575E+00  
+1.52132E+02,-3.66584E+00  
+1.52226E+02,-3.73899E+00  
+1.52328E+02,-3.82223E+00  
+1.52415E+02,-3.90297E+00  
+1.52478E+02,-3.97364E+00  
+1.52557E+02,-4.03917E+00  
+1.52616E+02,-4.13010E+00  
+1.52662E+02,-4.18815E+00  
+1.52927E+02,-4.60329E+00  
+1.53193E+02,-5.01833E+00  
+1.53403E+02,-5.36112E+00  
+1.53614E+02,-5.70366E+00  
+1.53823E+02,-6.04594E+00  
+1.53930E+02,-6.26500E+00  
+1.53930E+02,-6.26500E+00    
+35.110,3.470  
+35.755,0.900  
+36.678,-0.437  
+36.032,-2.389  
+35.386,-3.929  
+35.110,-5.983  
+35.340,-7.011  
+33.725,-8.601  
+32.987,-9.216  
+31.465,-7.723  
+30.265,-6.848  
+29.435,-5.408  
+29.158,-3.352  
+28.927,-1.862  
+29.758,0.345  
+30.681,1.679  
+31.511,2.859  
+33.080,3.730  
+34.325,4.550  
+35.340,-7.011  
+33.725,-8.601  
+32.987,-9.216  
+34.048,-10.091  
+34.418,-11.428  
+34.510,-12.764  
+34.602,-13.740  
+35.063,-14.871  
+34.787,-15.898  
+35.294,-17.132  
+35.063,-18.159  
+34.648,-18.878  
+34.787,-19.854  
+34.787,-20.419  
+35.340,-21.448  
+35.479,-22.424  
+35.479,-23.812  
+36.217,-24.841  
+36.955,-25.202  
+38.616,-23.562  
+39.815,-21.817  
+41.569,-19.766  
+41.661,-17.197  
+41.569,-15.655  
+41.200,-15.243  
+41.292,-13.394  
+41.107,-12.160  
+41.384,-10.825  
+40.923,-9.488  
+39.262,-8.663  
+37.693,-7.427  
+35.848,-7.320  
+35.340,-7.011   
+3.10081E+01,-4.85871E+01  
+3.13065E+01,-4.81627E+01  
+3.15885E+01,-4.76822E+01  
+3.18654E+01,-4.72011E+01  
+3.21258E+01,-4.69998E+01  
+3.31739E+01,-4.72644E+01  
+3.33585E+01,-4.68055E+01  
+3.35400E+01,-4.63464E+01  
+3.38184E+01,-4.59791E+01  
+3.39824E+01,-4.60812E+01  
+3.40869E+01,-4.60899E+01  
+3.42672E+01,-4.62123E+01  
+3.45037E+01,-4.62216E+01  
+3.47040E+01,-4.59714E+01  
+3.48682E+01,-4.54657E+01  
+3.50145E+01,-4.51058E+01  
+3.51819E+01,-4.48555E+01  
+3.56603E+01,-4.48660E+01  
+3.59729E+01,-4.49607E+01  
+3.63029E+01,-4.49665E+01  
+3.66774E+01,-4.49197E+01  
+3.70855E+01,-4.48043E+01  
+3.75083E+01,-4.48753E+01  
+3.80827E+01,-4.46188E+01  
+3.80827E+01,-4.46188E+01  
+3.81937E+01,-4.44010E+01  
+3.83383E+01,-4.40547E+01  
+3.90729E+01,-4.41648E+01  
+3.92673E+01,-4.37257E+01  
+3.94588E+01,-4.32862E+01  
+4.05058E+01,-4.34376E+01  
+4.15578E+01,-4.35794E+01  
+4.16859E+01,-4.31174E+01  
+4.18120E+01,-4.26553E+01  
+4.24686E+01,-4.27299E+01  
+4.25719E+01,-4.22602E+01  
+4.26737E+01,-4.17904E+01  
+4.27740E+01,-4.13205E+01  
+4.28729E+01,-4.08505E+01  
+4.40092E+01,-4.09150E+01  
+4.40230E+01,-4.06708E+01  
+4.46858E+01,-4.06911E+01  
+4.47160E+01,-4.03689E+01  
+4.53027E+01,-4.03659E+01  
+4.53318E+01,-4.01085E+01  
+45.627,-37.636  
+46.047,-33.391  
+46.647,-30.069  
+47.367,-24.994  
+48.266,-22.042  
+48.686,-20.704  
+49.526,-17.935  
+48.686,-17.290  
+44.308,-17.659  
+41.549,-19.781  
+39.930,-21.719  
+38.610,-23.610  
+36.991,-25.225  
+37.111,-26.148  
+37.171,-26.517  
+36.991,-28.131  
+36.511,-32.837  
+36.031,-35.513  
+33.272,-41.050  
+30.513,-43.403  
+30.213,-45.571  
+30.933,-48.616  
